                                                                                                                                                                                                                                                                                                                                                                                                                                                                                                                                                                                                                                                                                                                                                                                                                                                                                                                                                                                                                                                                                                                                                                                                                                                                                                                                                                                                                                                                                                                                                                                                                                                                                                                                                                                                                                                                                                                                                                                                                                                                                        1      1     5502      5501     5503     5504     
        2      1     5506      5505     5507     5508     
        3      1     5510      5509     5511     5512     
        4      1     5514      5513     5515     5516     
        5      1     5518      5517     5519     5520     
        6      1     5522      5521     5523     5524     
        7      1     5526      5525     5527     5528     
        8      1     5530      5529     5531     5532     
        9      1     5534      5533     5535     5536     
        10      1     5538      5537     5539     5540     
        11      1     5542      5541     5543     5544     
        12      1     5546      5545     5547     5548     
        13      1     5550      5549     5551     5552     
        14      1     5554      5553     5555     5556     
        15      1     5558      5557     5559     5560     
        16      1     5562      5561     5563     5564     
        17      1     5566      5565     5567     5568     
        18      1     5570      5569     5571     5572     
        19      1     5574      5573     5575     5576     
        20      1     5578      5577     5579     5580     
        21      1     5582      5581     5583     5584     
        22      1     5586      5585     5587     5588     
        23      1     5590      5589     5591     5592     
        24      1     5594      5593     5595     5596     
        25      1     5598      5597     5599     5600     
        26      1     5602      5601     5603     5604     
        27      1     5606      5605     5607     5608     
        28      1     5610      5609     5611     5612     
        29      1     5614      5613     5615     5616     
        30      1     5618      5617     5619     5620     
        31      1     5622      5621     5623     5624     
        32      1     5626      5625     5627     5628     
        33      1     5630      5629     5631     5632     
        34      1     5634      5633     5635     5636     
        35      1     5638      5637     5639     5640     
        36      1     5642      5641     5643     5644     
        37      1     5646      5645     5647     5648     
        38      1     5650      5649     5651     5652     
        39      1     5654      5653     5655     5656     
        40      1     5658      5657     5659     5660     
        41      1     5662      5661     5663     5664     
        42      1     5666      5665     5667     5668     
        43      1     5670      5669     5671     5672     
        44      1     5674      5673     5675     5676     
        45      1     5678      5677     5679     5680     
        46      1     5682      5681     5683     5684     
        47      1     5686      5685     5687     5688     
        48      1     5690      5689     5691     5692     
        49      1     5694      5693     5695     5696     
        50      1     5698      5697     5699     5700     
        51      1     5702      5701     5703     5704     
        52      1     5706      5705     5707     5708     
        53      1     5710      5709     5711     5712     
        54      1     5714      5713     5715     5716     
        55      1     5718      5717     5719     5720     
        56      1     5722      5721     5723     5724     
        57      1     5726      5725     5727     5728     
        58      1     5730      5729     5731     5732     
        59      1     5734      5733     5735     5736     
        60      1     5738      5737     5739     5740     
        61      1     5742      5741     5743     5744     
        62      1     5746      5745     5747     5748     
        63      1     5750      5749     5751     5752     
        64      1     5754      5753     5755     5756     
        65      1     5758      5757     5759     5760     
        66      1     5762      5761     5763     5764     
        67      1     5766      5765     5767     5768     
        68      1     5770      5769     5771     5772     
        69      1     5774      5773     5775     5776     
        70      1     5778      5777     5779     5780     
        71      1     5782      5781     5783     5784     
        72      1     5786      5785     5787     5788     
        73      1     5790      5789     5791     5792     
        74      1     5794      5793     5795     5796     
        75      1     5798      5797     5799     5800     
        76      1     5802      5801     5803     5804     
        77      1     5806      5805     5807     5808     
        78      1     5810      5809     5811     5812     
        79      1     5814      5813     5815     5816     
        80      1     5818      5817     5819     5820     
        81      1     5822      5821     5823     5824     
        82      1     5826      5825     5827     5828     
        83      1     5830      5829     5831     5832     
        84      1     5834      5833     5835     5836     
        85      1     5838      5837     5839     5840     
        86      1     5842      5841     5843     5844     
        87      1     5846      5845     5847     5848     
        88      1     5850      5849     5851     5852     
        89      1     5854      5853     5855     5856     
        90      1     5858      5857     5859     5860     
        91      1     5862      5861     5863     5864     
        92      1     5866      5865     5867     5868     
        93      1     5870      5869     5871     5872     
        94      1     5874      5873     5875     5876     
        95      1     5878      5877     5879     5880     
        96      1     5882      5881     5883     5884     
        97      1     5886      5885     5887     5888     
        98      1     5890      5889     5891     5892     
        99      1     5894      5893     5895     5896     
        100      1     5898      5897     5899     5900     
        101      1     5902      5901     5903     5904     
        102      1     5906      5905     5907     5908     
        103      1     5910      5909     5911     5912     
        104      1     5914      5913     5915     5916     
        105      1     5918      5917     5919     5920     
        106      1     5922      5921     5923     5924     
        107      1     5926      5925     5927     5928     
        108      1     5930      5929     5931     5932     
        109      1     5934      5933     5935     5936     
        110      1     5938      5937     5939     5940     
        111      1     5942      5941     5943     5944     
        112      1     5946      5945     5947     5948     
        113      1     5950      5949     5951     5952     
        114      1     5954      5953     5955     5956     
        115      1     5958      5957     5959     5960     
        116      1     5962      5961     5963     5964     
        117      1     5966      5965     5967     5968     
        118      1     5970      5969     5971     5972     
        119      1     5974      5973     5975     5976     
        120      1     5978      5977     5979     5980     
        121      1     5982      5981     5983     5984     
        122      1     5986      5985     5987     5988     
        123      1     5990      5989     5991     5992     
        124      1     5994      5993     5995     5996     
        125      1     5998      5997     5999     6000     
        126      1     6002      6001     6003     6004     
        127      1     6006      6005     6007     6008     
        128      1     6010      6009     6011     6012     
        129      1     6014      6013     6015     6016     
        130      1     6018      6017     6019     6020     
        131      1     6022      6021     6023     6024     
        132      1     6026      6025     6027     6028     
        133      1     6030      6029     6031     6032     
        134      1     6034      6033     6035     6036     
        135      1     6038      6037     6039     6040     
        136      1     6042      6041     6043     6044     
        137      1     6046      6045     6047     6048     
        138      1     6050      6049     6051     6052     
        139      1     6054      6053     6055     6056     
        140      1     6058      6057     6059     6060     
        141      1     6062      6061     6063     6064     
        142      1     6066      6065     6067     6068     
        143      1     6070      6069     6071     6072     
        144      1     6074      6073     6075     6076     
        145      1     6078      6077     6079     6080     
        146      1     6082      6081     6083     6084     
        147      1     6086      6085     6087     6088     
        148      1     6090      6089     6091     6092     
        149      1     6094      6093     6095     6096     
        150      1     6098      6097     6099     6100     
        151      1     6102      6101     6103     6104     
        152      1     6106      6105     6107     6108     
        153      1     6110      6109     6111     6112     
        154      1     6114      6113     6115     6116     
        155      1     6118      6117     6119     6120     
        156      1     6122      6121     6123     6124     
        157      1     6126      6125     6127     6128     
        158      1     6130      6129     6131     6132     
        159      1     6134      6133     6135     6136     
        160      1     6138      6137     6139     6140     
        161      1     6142      6141     6143     6144     
        162      1     6146      6145     6147     6148     
        163      1     6150      6149     6151     6152     
        164      1     6154      6153     6155     6156     
        165      1     6158      6157     6159     6160     
        166      1     6162      6161     6163     6164     
        167      1     6166      6165     6167     6168     
        168      1     6170      6169     6171     6172     
        169      1     6174      6173     6175     6176     
        170      1     6178      6177     6179     6180     
        171      1     6182      6181     6183     6184     
        172      1     6186      6185     6187     6188     
        173      1     6190      6189     6191     6192     
        174      1     6194      6193     6195     6196     
        175      1     6198      6197     6199     6200     
        176      1     6202      6201     6203     6204     
        177      1     6206      6205     6207     6208     
        178      1     6210      6209     6211     6212     
        179      1     6214      6213     6215     6216     
        180      1     6218      6217     6219     6220     
        181      1     6222      6221     6223     6224     
        182      1     6226      6225     6227     6228     
        183      1     6230      6229     6231     6232     
        184      1     6234      6233     6235     6236     
        185      1     6238      6237     6239     6240     
        186      1     6242      6241     6243     6244     
        187      1     6246      6245     6247     6248     
        188      1     6250      6249     6251     6252     
        189      1     6254      6253     6255     6256     
        190      1     6258      6257     6259     6260     
        191      1     6262      6261     6263     6264     
        192      1     6266      6265     6267     6268     
        193      1     6270      6269     6271     6272     
        194      1     6274      6273     6275     6276     
        195      1     6278      6277     6279     6280     
        196      1     6282      6281     6283     6284     
        197      1     6286      6285     6287     6288     
        198      1     6290      6289     6291     6292     
        199      1     6294      6293     6295     6296     
        200      1     6298      6297     6299     6300     
        201      1     6302      6301     6303     6304     
        202      1     6306      6305     6307     6308     
        203      1     6310      6309     6311     6312     
        204      1     6314      6313     6315     6316     
        205      1     6318      6317     6319     6320     
        206      1     6322      6321     6323     6324     
        207      1     6326      6325     6327     6328     
        208      1     6330      6329     6331     6332     
        209      1     6334      6333     6335     6336     
        210      1     6338      6337     6339     6340     
        211      1     6342      6341     6343     6344     
        212      1     6346      6345     6347     6348     
        213      1     6350      6349     6351     6352     
        214      1     6354      6353     6355     6356     
        215      1     6358      6357     6359     6360     
        216      1     6362      6361     6363     6364     
        217      1     6366      6365     6367     6368     
        218      1     6370      6369     6371     6372     
        219      1     6374      6373     6375     6376     
        220      1     6378      6377     6379     6380     
        221      1     6382      6381     6383     6384     
        222      1     6386      6385     6387     6388     
        223      1     6390      6389     6391     6392     
        224      1     6394      6393     6395     6396     
        225      1     6398      6397     6399     6400     
        226      1     6402      6401     6403     6404     
        227      1     6406      6405     6407     6408     
        228      1     6410      6409     6411     6412     
        229      1     6414      6413     6415     6416     
        230      1     6418      6417     6419     6420     
        231      1     6422      6421     6423     6424     
        232      1     6426      6425     6427     6428     
        233      1     6430      6429     6431     6432     
        234      1     6434      6433     6435     6436     
        235      1     6438      6437     6439     6440     
        236      1     6442      6441     6443     6444     
        237      1     6446      6445     6447     6448     
        238      1     6450      6449     6451     6452     
        239      1     6454      6453     6455     6456     
        240      1     6458      6457     6459     6460     
        241      1     6462      6461     6463     6464     
        242      1     6466      6465     6467     6468     
        243      1     6470      6469     6471     6472     
        244      1     6474      6473     6475     6476     
        245      1     6478      6477     6479     6480     
        246      1     6482      6481     6483     6484     
        247      1     6486      6485     6487     6488     
        248      1     6490      6489     6491     6492     
        249      1     6494      6493     6495     6496     
        250      1     6498      6497     6499     6500     
        251      1     6502      6501     6503     6504     
        252      1     6506      6505     6507     6508     
        253      1     6510      6509     6511     6512     
        254      1     6514      6513     6515     6516     
        255      1     6518      6517     6519     6520     
        256      1     6522      6521     6523     6524     
        257      1     6526      6525     6527     6528     
        258      1     6530      6529     6531     6532     
        259      1     6534      6533     6535     6536     
        260      1     6538      6537     6539     6540     
        261      1     6542      6541     6543     6544     
        262      1     6546      6545     6547     6548     
        263      1     6550      6549     6551     6552     
        264      1     6554      6553     6555     6556     
        265      1     6558      6557     6559     6560     
        266      1     6562      6561     6563     6564     
        267      1     6566      6565     6567     6568     
        268      1     6570      6569     6571     6572     
        269      1     6574      6573     6575     6576     
        270      1     6578      6577     6579     6580     
        271      1     6582      6581     6583     6584     
        272      1     6586      6585     6587     6588     
        273      1     6590      6589     6591     6592     
        274      1     6594      6593     6595     6596     
        275      1     6598      6597     6599     6600     
        276      1     6602      6601     6603     6604     
        277      1     6606      6605     6607     6608     
        278      1     6610      6609     6611     6612     
        279      1     6614      6613     6615     6616     
        280      1     6618      6617     6619     6620     
        281      1     6622      6621     6623     6624     
        282      1     6626      6625     6627     6628     
        283      1     6630      6629     6631     6632     
        284      1     6634      6633     6635     6636     
        285      1     6638      6637     6639     6640     
        286      1     6642      6641     6643     6644     
        287      1     6646      6645     6647     6648     
        288      1     6650      6649     6651     6652     
        289      1     6654      6653     6655     6656     
        290      1     6658      6657     6659     6660     
        291      1     6662      6661     6663     6664     
        292      1     6666      6665     6667     6668     
        293      1     6670      6669     6671     6672     
        294      1     6674      6673     6675     6676     
        295      1     6678      6677     6679     6680     
        296      1     6682      6681     6683     6684     
        297      1     6686      6685     6687     6688     
        298      1     6690      6689     6691     6692     
        299      1     6694      6693     6695     6696     
        300      1     6698      6697     6699     6700     
        301      1     6702      6701     6703     6704     
        302      1     6706      6705     6707     6708     
        303      1     6710      6709     6711     6712     
        304      1     6714      6713     6715     6716     
        305      1     6718      6717     6719     6720     
        306      1     6722      6721     6723     6724     
        307      1     6726      6725     6727     6728     
        308      1     6730      6729     6731     6732     
        309      1     6734      6733     6735     6736     
        310      1     6738      6737     6739     6740     
        311      1     6742      6741     6743     6744     
        312      1     6746      6745     6747     6748     
        313      1     6750      6749     6751     6752     
        314      1     6754      6753     6755     6756     
        315      1     6758      6757     6759     6760     
        316      1     6762      6761     6763     6764     
        317      1     6766      6765     6767     6768     
        318      1     6770      6769     6771     6772     
        319      1     6774      6773     6775     6776     
        320      1     6778      6777     6779     6780     
        321      1     6782      6781     6783     6784     
        322      1     6786      6785     6787     6788     
        323      1     6790      6789     6791     6792     
        324      1     6794      6793     6795     6796     
        325      1     6798      6797     6799     6800     
        326      1     6802      6801     6803     6804     
        327      1     6806      6805     6807     6808     
        328      1     6810      6809     6811     6812     
        329      1     6814      6813     6815     6816     
        330      1     6818      6817     6819     6820     
        331      1     6822      6821     6823     6824     
        332      1     6826      6825     6827     6828     
        333      1     6830      6829     6831     6832     
        334      1     6834      6833     6835     6836     
        335      1     6838      6837     6839     6840     
        336      1     6842      6841     6843     6844     
        337      1     6846      6845     6847     6848     
        338      1     6850      6849     6851     6852     
        339      1     6854      6853     6855     6856     
        340      1     6858      6857     6859     6860     
        341      1     6862      6861     6863     6864     
        342      1     6866      6865     6867     6868     
        343      1     6870      6869     6871     6872     
        344      1     6874      6873     6875     6876     
        345      1     6878      6877     6879     6880     
        346      1     6882      6881     6883     6884     
        347      1     6886      6885     6887     6888     
        348      1     6890      6889     6891     6892     
        349      1     6894      6893     6895     6896     
        350      1     6898      6897     6899     6900     
        351      1     6902      6901     6903     6904     
        352      1     6906      6905     6907     6908     
        353      1     6910      6909     6911     6912     
        354      1     6914      6913     6915     6916     
        355      1     6918      6917     6919     6920     
        356      1     6922      6921     6923     6924     
        357      1     6926      6925     6927     6928     
        358      1     6930      6929     6931     6932     
        359      1     6934      6933     6935     6936     
        360      1     6938      6937     6939     6940     
        361      1     6942      6941     6943     6944     
        362      1     6946      6945     6947     6948     
        363      1     6950      6949     6951     6952     
        364      1     6954      6953     6955     6956     
        365      1     6958      6957     6959     6960     
        366      1     6962      6961     6963     6964     
        367      1     6966      6965     6967     6968     
        368      1     6970      6969     6971     6972     
        369      1     6974      6973     6975     6976     
        370      1     6978      6977     6979     6980     
        371      1     6982      6981     6983     6984     
        372      1     6986      6985     6987     6988     
        373      1     6990      6989     6991     6992     
        374      1     6994      6993     6995     6996     
        375      1     6998      6997     6999     7000     
        376      1     7002      7001     7003     7004     
        377      1     7006      7005     7007     7008     
        378      1     7010      7009     7011     7012     
        379      1     7014      7013     7015     7016     
        380      1     7018      7017     7019     7020     
        381      1     7022      7021     7023     7024     
        382      1     7026      7025     7027     7028     
        383      1     7030      7029     7031     7032     
        384      1     7034      7033     7035     7036     
        385      1     7038      7037     7039     7040     
        386      1     7042      7041     7043     7044     
        387      1     7046      7045     7047     7048     
        388      1     7050      7049     7051     7052     
        389      1     7054      7053     7055     7056     
        390      1     7058      7057     7059     7060     
        391      1     7062      7061     7063     7064     
        392      1     7066      7065     7067     7068     
        393      1     7070      7069     7071     7072     
        394      1     7074      7073     7075     7076     
        395      1     7078      7077     7079     7080     
        396      1     7082      7081     7083     7084     
        397      1     7086      7085     7087     7088     
        398      1     7090      7089     7091     7092     
        399      1     7094      7093     7095     7096     
        400      1     7098      7097     7099     7100     
        401      1     7102      7101     7103     7104     
        402      1     7106      7105     7107     7108     
        403      1     7110      7109     7111     7112     
        404      1     7114      7113     7115     7116     
        405      1     7118      7117     7119     7120     
        406      1     7122      7121     7123     7124     
        407      1     7126      7125     7127     7128     
        408      1     7130      7129     7131     7132     
        409      1     7134      7133     7135     7136     
        410      1     7138      7137     7139     7140     
        411      1     7142      7141     7143     7144     
        412      1     7146      7145     7147     7148     
        413      1     7150      7149     7151     7152     
        414      1     7154      7153     7155     7156     
        415      1     7158      7157     7159     7160     
        416      1     7162      7161     7163     7164     
        417      1     7166      7165     7167     7168     
        418      1     7170      7169     7171     7172     
        419      1     7174      7173     7175     7176     
        420      1     7178      7177     7179     7180     
        421      1     7182      7181     7183     7184     
        422      1     7186      7185     7187     7188     
        423      1     7190      7189     7191     7192     
        424      1     7194      7193     7195     7196     
        425      1     7198      7197     7199     7200     
        426      1     7202      7201     7203     7204     
        427      1     7206      7205     7207     7208     
        428      1     7210      7209     7211     7212     
        429      1     7214      7213     7215     7216     
        430      1     7218      7217     7219     7220     
        431      1     7222      7221     7223     7224     
        432      1     7226      7225     7227     7228     
        433      1     7230      7229     7231     7232     
        434      1     7234      7233     7235     7236     
        435      1     7238      7237     7239     7240     
        436      1     7242      7241     7243     7244     
        437      1     7246      7245     7247     7248     
        438      1     7250      7249     7251     7252     
        439      1     7254      7253     7255     7256     
        440      1     7258      7257     7259     7260     
        441      1     7262      7261     7263     7264     
        442      1     7266      7265     7267     7268     
        443      1     7270      7269     7271     7272     
        444      1     7274      7273     7275     7276     
        445      1     7278      7277     7279     7280     
        446      1     7282      7281     7283     7284     
        447      1     7286      7285     7287     7288     
        448      1     7290      7289     7291     7292     
        449      1     7294      7293     7295     7296     
        450      1     7298      7297     7299     7300     
        451      1     7302      7301     7303     7304     
        452      1     7306      7305     7307     7308     
        453      1     7310      7309     7311     7312     
        454      1     7314      7313     7315     7316     
        455      1     7318      7317     7319     7320     
        456      1     7322      7321     7323     7324     
        457      1     7326      7325     7327     7328     
        458      1     7330      7329     7331     7332     
        459      1     7334      7333     7335     7336     
        460      1     7338      7337     7339     7340     
        461      1     7342      7341     7343     7344     
        462      1     7346      7345     7347     7348     
        463      1     7350      7349     7351     7352     
        464      1     7354      7353     7355     7356     
        465      1     7358      7357     7359     7360     
        466      1     7362      7361     7363     7364     
        467      1     7366      7365     7367     7368     
        468      1     7370      7369     7371     7372     
        469      1     7374      7373     7375     7376     
        470      1     7378      7377     7379     7380     
        471      1     7382      7381     7383     7384     
        472      1     7386      7385     7387     7388     
        473      1     7390      7389     7391     7392     
        474      1     7394      7393     7395     7396     
        475      1     7398      7397     7399     7400     
        476      1     7402      7401     7403     7404     
        477      1     7406      7405     7407     7408     
        478      1     7410      7409     7411     7412     
        479      1     7414      7413     7415     7416     
        480      1     7418      7417     7419     7420     
        481      1     7422      7421     7423     7424     
        482      1     7426      7425     7427     7428     
        483      1     7430      7429     7431     7432     
        484      1     7434      7433     7435     7436     
        485      1     7438      7437     7439     7440     
        486      1     7442      7441     7443     7444     
        487      1     7446      7445     7447     7448     
        488      1     7450      7449     7451     7452     
        489      1     7454      7453     7455     7456     
        490      1     7458      7457     7459     7460     
        491      1     7462      7461     7463     7464     
        492      1     7466      7465     7467     7468     
        493      1     7470      7469     7471     7472     
        494      1     7474      7473     7475     7476     
        495      1     7478      7477     7479     7480     
        496      1     7482      7481     7483     7484     
        497      1     7486      7485     7487     7488     
        498      1     7490      7489     7491     7492     
        499      1     7494      7493     7495     7496     
        500      1     7498      7497     7499     7500     
