1 1 8 6 9 13
2 1 6 5 7 8
3 1 5 2 6 11
4 1 11 5 9 12
5 1 9 8 10 11
6 1 27 25 28 32
7 1 25 24 26 27
8 1 24 21 25 30
9 1 30 24 28 31
10 1 28 27 29 30
11 1 46 44 47 51
12 1 44 43 45 46
13 1 43 40 44 49
14 1 49 43 47 50
15 1 47 46 48 49
16 1 65 63 66 70
17 1 63 62 64 65
18 1 62 59 63 68
19 1 68 62 66 69
20 1 66 65 67 68
21 1 84 82 85 89
22 1 82 81 83 84
23 1 81 78 82 87
24 1 87 81 85 88
25 1 85 84 86 87
26 1 103 101 104 108
27 1 101 100 102 103
28 1 100 97 101 106
29 1 106 100 104 107
30 1 104 103 105 106
31 1 122 120 123 127
32 1 120 119 121 122
33 1 119 116 120 125
34 1 125 119 123 126
35 1 123 122 124 125
36 1 141 139 142 146
37 1 139 138 140 141
38 1 138 135 139 144
39 1 144 138 142 145
40 1 142 141 143 144
41 1 160 158 161 165
42 1 158 157 159 160
43 1 157 154 158 163
44 1 163 157 161 164
45 1 161 160 162 163
46 1 179 177 180 184
47 1 177 176 178 179
48 1 176 173 177 182
49 1 182 176 180 183
50 1 180 179 181 182
51 1 198 196 199 203
52 1 196 195 197 198
53 1 195 192 196 201
54 1 201 195 199 202
55 1 199 198 200 201
56 1 217 215 218 222
57 1 215 214 216 217
58 1 214 211 215 220
59 1 220 214 218 221
60 1 218 217 219 220
61 1 236 234 237 241
62 1 234 233 235 236
63 1 233 230 234 239
64 1 239 233 237 240
65 1 237 236 238 239
66 1 255 253 256 260
67 1 253 252 254 255
68 1 252 249 253 258
69 1 258 252 256 259
70 1 256 255 257 258
71 1 274 272 275 279
72 1 272 271 273 274
73 1 271 268 272 277
74 1 277 271 275 278
75 1 275 274 276 277
76 1 293 291 294 298
77 1 291 290 292 293
78 1 290 287 291 296
79 1 296 290 294 297
80 1 294 293 295 296
81 1 312 310 313 317
82 1 310 309 311 312
83 1 309 306 310 315
84 1 315 309 313 316
85 1 313 312 314 315
86 1 331 329 332 336
87 1 329 328 330 331
88 1 328 325 329 334
89 1 334 328 332 335
90 1 332 331 333 334
91 1 350 348 351 355
92 1 348 347 349 350
93 1 347 344 348 353
94 1 353 347 351 354
95 1 351 350 352 353
96 1 369 367 370 374
97 1 367 366 368 369
98 1 366 363 367 372
99 1 372 366 370 373
100 1 370 369 371 372
101 1 388 386 389 393
102 1 386 385 387 388
103 1 385 382 386 391
104 1 391 385 389 392
105 1 389 388 390 391
106 1 407 405 408 412
107 1 405 404 406 407
108 1 404 401 405 410
109 1 410 404 408 411
110 1 408 407 409 410
111 1 426 424 427 431
112 1 424 423 425 426
113 1 423 420 424 429
114 1 429 423 427 430
115 1 427 426 428 429
116 1 445 443 446 450
117 1 443 442 444 445
118 1 442 439 443 448
119 1 448 442 446 449
120 1 446 445 447 448
121 1 464 462 465 469
122 1 462 461 463 464
123 1 461 458 462 467
124 1 467 461 465 468
125 1 465 464 466 467
126 1 483 481 484 488
127 1 481 480 482 483
128 1 480 477 481 486
129 1 486 480 484 487
130 1 484 483 485 486
131 1 502 500 503 507
132 1 500 499 501 502
133 1 499 496 500 505
134 1 505 499 503 506
135 1 503 502 504 505
136 1 521 519 522 526
137 1 519 518 520 521
138 1 518 515 519 524
139 1 524 518 522 525
140 1 522 521 523 524
141 1 540 538 541 545
142 1 538 537 539 540
143 1 537 534 538 543
144 1 543 537 541 544
145 1 541 540 542 543
146 1 559 557 560 564
147 1 557 556 558 559
148 1 556 553 557 562
149 1 562 556 560 563
150 1 560 559 561 562
151 1 578 576 579 583
152 1 576 575 577 578
153 1 575 572 576 581
154 1 581 575 579 582
155 1 579 578 580 581
156 1 597 595 598 602
157 1 595 594 596 597
158 1 594 591 595 600
159 1 600 594 598 601
160 1 598 597 599 600
161 1 616 614 617 621
162 1 614 613 615 616
163 1 613 610 614 619
164 1 619 613 617 620
165 1 617 616 618 619
166 1 635 633 636 640
167 1 633 632 634 635
168 1 632 629 633 638
169 1 638 632 636 639
170 1 636 635 637 638
171 1 654 652 655 659
172 1 652 651 653 654
173 1 651 648 652 657
174 1 657 651 655 658
175 1 655 654 656 657
176 1 673 671 674 678
177 1 671 670 672 673
178 1 670 667 671 676
179 1 676 670 674 677
180 1 674 673 675 676
181 1 692 690 693 697
182 1 690 689 691 692
183 1 689 686 690 695
184 1 695 689 693 696
185 1 693 692 694 695
186 1 711 709 712 716
187 1 709 708 710 711
188 1 708 705 709 714
189 1 714 708 712 715
190 1 712 711 713 714
191 1 730 728 731 735
192 1 728 727 729 730
193 1 727 724 728 733
194 1 733 727 731 734
195 1 731 730 732 733
196 1 749 747 750 754
197 1 747 746 748 749
198 1 746 743 747 752
199 1 752 746 750 753
200 1 750 749 751 752
201 1 768 766 769 773
202 1 766 765 767 768
203 1 765 762 766 771
204 1 771 765 769 772
205 1 769 768 770 771
206 1 787 785 788 792
207 1 785 784 786 787
208 1 784 781 785 790
209 1 790 784 788 791
210 1 788 787 789 790
211 1 806 804 807 811
212 1 804 803 805 806
213 1 803 800 804 809
214 1 809 803 807 810
215 1 807 806 808 809
216 1 825 823 826 830
217 1 823 822 824 825
218 1 822 819 823 828
219 1 828 822 826 829
220 1 826 825 827 828
221 1 844 842 845 849
222 1 842 841 843 844
223 1 841 838 842 847
224 1 847 841 845 848
225 1 845 844 846 847
226 1 863 861 864 868
227 1 861 860 862 863
228 1 860 857 861 866
229 1 866 860 864 867
230 1 864 863 865 866
231 1 882 880 883 887
232 1 880 879 881 882
233 1 879 876 880 885
234 1 885 879 883 886
235 1 883 882 884 885
236 1 901 899 902 906
237 1 899 898 900 901
238 1 898 895 899 904
239 1 904 898 902 905
240 1 902 901 903 904
241 1 920 918 921 925
242 1 918 917 919 920
243 1 917 914 918 923
244 1 923 917 921 924
245 1 921 920 922 923
246 1 939 937 940 944
247 1 937 936 938 939
248 1 936 933 937 942
249 1 942 936 940 943
250 1 940 939 941 942
251 1 958 956 959 963
252 1 956 955 957 958
253 1 955 952 956 961
254 1 961 955 959 962
255 1 959 958 960 961
256 1 977 975 978 982
257 1 975 974 976 977
258 1 974 971 975 980
259 1 980 974 978 981
260 1 978 977 979 980
261 1 996 994 997 1001
262 1 994 993 995 996
263 1 993 990 994 999
264 1 999 993 997 1000
265 1 997 996 998 999
266 1 1015 1013 1016 1020
267 1 1013 1012 1014 1015
268 1 1012 1009 1013 1018
269 1 1018 1012 1016 1019
270 1 1016 1015 1017 1018
271 1 1034 1032 1035 1039
272 1 1032 1031 1033 1034
273 1 1031 1028 1032 1037
274 1 1037 1031 1035 1038
275 1 1035 1034 1036 1037
276 1 1053 1051 1054 1058
277 1 1051 1050 1052 1053
278 1 1050 1047 1051 1056
279 1 1056 1050 1054 1057
280 1 1054 1053 1055 1056
281 1 1072 1070 1073 1077
282 1 1070 1069 1071 1072
283 1 1069 1066 1070 1075
284 1 1075 1069 1073 1076
285 1 1073 1072 1074 1075
286 1 1091 1089 1092 1096
287 1 1089 1088 1090 1091
288 1 1088 1085 1089 1094
289 1 1094 1088 1092 1095
290 1 1092 1091 1093 1094
291 1 1110 1108 1111 1115
292 1 1108 1107 1109 1110
293 1 1107 1104 1108 1113
294 1 1113 1107 1111 1114
295 1 1111 1110 1112 1113
296 1 1129 1127 1130 1134
297 1 1127 1126 1128 1129
298 1 1126 1123 1127 1132
299 1 1132 1126 1130 1133
300 1 1130 1129 1131 1132
301 1 1148 1146 1149 1153
302 1 1146 1145 1147 1148
303 1 1145 1142 1146 1151
304 1 1151 1145 1149 1152
305 1 1149 1148 1150 1151
306 1 1167 1165 1168 1172
307 1 1165 1164 1166 1167
308 1 1164 1161 1165 1170
309 1 1170 1164 1168 1171
310 1 1168 1167 1169 1170
311 1 1186 1184 1187 1191
312 1 1184 1183 1185 1186
313 1 1183 1180 1184 1189
314 1 1189 1183 1187 1190
315 1 1187 1186 1188 1189
316 1 1205 1203 1206 1210
317 1 1203 1202 1204 1205
318 1 1202 1199 1203 1208
319 1 1208 1202 1206 1209
320 1 1206 1205 1207 1208
321 1 1224 1222 1225 1229
322 1 1222 1221 1223 1224
323 1 1221 1218 1222 1227
324 1 1227 1221 1225 1228
325 1 1225 1224 1226 1227
326 1 1243 1241 1244 1248
327 1 1241 1240 1242 1243
328 1 1240 1237 1241 1246
329 1 1246 1240 1244 1247
330 1 1244 1243 1245 1246
331 1 1262 1260 1263 1267
332 1 1260 1259 1261 1262
333 1 1259 1256 1260 1265
334 1 1265 1259 1263 1266
335 1 1263 1262 1264 1265
336 1 1281 1279 1282 1286
337 1 1279 1278 1280 1281
338 1 1278 1275 1279 1284
339 1 1284 1278 1282 1285
340 1 1282 1281 1283 1284
341 1 1300 1298 1301 1305
342 1 1298 1297 1299 1300
343 1 1297 1294 1298 1303
344 1 1303 1297 1301 1304
345 1 1301 1300 1302 1303
346 1 1319 1317 1320 1324
347 1 1317 1316 1318 1319
348 1 1316 1313 1317 1322
349 1 1322 1316 1320 1323
350 1 1320 1319 1321 1322
351 1 1338 1336 1339 1343
352 1 1336 1335 1337 1338
353 1 1335 1332 1336 1341
354 1 1341 1335 1339 1342
355 1 1339 1338 1340 1341
356 1 1357 1355 1358 1362
357 1 1355 1354 1356 1357
358 1 1354 1351 1355 1360
359 1 1360 1354 1358 1361
360 1 1358 1357 1359 1360
361 1 1376 1374 1377 1381
362 1 1374 1373 1375 1376
363 1 1373 1370 1374 1379
364 1 1379 1373 1377 1380
365 1 1377 1376 1378 1379
366 1 1395 1393 1396 1400
367 1 1393 1392 1394 1395
368 1 1392 1389 1393 1398
369 1 1398 1392 1396 1399
370 1 1396 1395 1397 1398
371 1 1414 1412 1415 1419
372 1 1412 1411 1413 1414
373 1 1411 1408 1412 1417
374 1 1417 1411 1415 1418
375 1 1415 1414 1416 1417
376 1 1433 1431 1434 1438
377 1 1431 1430 1432 1433
378 1 1430 1427 1431 1436
379 1 1436 1430 1434 1437
380 1 1434 1433 1435 1436
381 1 1452 1450 1453 1457
382 1 1450 1449 1451 1452
383 1 1449 1446 1450 1455
384 1 1455 1449 1453 1456
385 1 1453 1452 1454 1455
386 1 1471 1469 1472 1476
387 1 1469 1468 1470 1471
388 1 1468 1465 1469 1474
389 1 1474 1468 1472 1475
390 1 1472 1471 1473 1474
391 1 1490 1488 1491 1495
392 1 1488 1487 1489 1490
393 1 1487 1484 1488 1493
394 1 1493 1487 1491 1494
395 1 1491 1490 1492 1493
396 1 1509 1507 1510 1514
397 1 1507 1506 1508 1509
398 1 1506 1503 1507 1512
399 1 1512 1506 1510 1513
400 1 1510 1509 1511 1512
401 1 1528 1526 1529 1533
402 1 1526 1525 1527 1528
403 1 1525 1522 1526 1531
404 1 1531 1525 1529 1532
405 1 1529 1528 1530 1531
406 1 1547 1545 1548 1552
407 1 1545 1544 1546 1547
408 1 1544 1541 1545 1550
409 1 1550 1544 1548 1551
410 1 1548 1547 1549 1550
411 1 1566 1564 1567 1571
412 1 1564 1563 1565 1566
413 1 1563 1560 1564 1569
414 1 1569 1563 1567 1570
415 1 1567 1566 1568 1569
416 1 1585 1583 1586 1590
417 1 1583 1582 1584 1585
418 1 1582 1579 1583 1588
419 1 1588 1582 1586 1589
420 1 1586 1585 1587 1588
421 1 1604 1602 1605 1609
422 1 1602 1601 1603 1604
423 1 1601 1598 1602 1607
424 1 1607 1601 1605 1608
425 1 1605 1604 1606 1607
426 1 1623 1621 1624 1628
427 1 1621 1620 1622 1623
428 1 1620 1617 1621 1626
429 1 1626 1620 1624 1627
430 1 1624 1623 1625 1626
431 1 1642 1640 1643 1647
432 1 1640 1639 1641 1642
433 1 1639 1636 1640 1645
434 1 1645 1639 1643 1646
435 1 1643 1642 1644 1645
436 1 1661 1659 1662 1666
437 1 1659 1658 1660 1661
438 1 1658 1655 1659 1664
439 1 1664 1658 1662 1665
440 1 1662 1661 1663 1664
441 1 1680 1678 1681 1685
442 1 1678 1677 1679 1680
443 1 1677 1674 1678 1683
444 1 1683 1677 1681 1684
445 1 1681 1680 1682 1683
446 1 1699 1697 1700 1704
447 1 1697 1696 1698 1699
448 1 1696 1693 1697 1702
449 1 1702 1696 1700 1703
450 1 1700 1699 1701 1702
451 1 1718 1716 1719 1723
452 1 1716 1715 1717 1718
453 1 1715 1712 1716 1721
454 1 1721 1715 1719 1722
455 1 1719 1718 1720 1721
456 1 1737 1735 1738 1742
457 1 1735 1734 1736 1737
458 1 1734 1731 1735 1740
459 1 1740 1734 1738 1741
460 1 1738 1737 1739 1740
461 1 1756 1754 1757 1761
462 1 1754 1753 1755 1756
463 1 1753 1750 1754 1759
464 1 1759 1753 1757 1760
465 1 1757 1756 1758 1759
466 1 1775 1773 1776 1780
467 1 1773 1772 1774 1775
468 1 1772 1769 1773 1778
469 1 1778 1772 1776 1779
470 1 1776 1775 1777 1778
471 1 1794 1792 1795 1799
472 1 1792 1791 1793 1794
473 1 1791 1788 1792 1797
474 1 1797 1791 1795 1798
475 1 1795 1794 1796 1797
476 1 1813 1811 1814 1818
477 1 1811 1810 1812 1813
478 1 1810 1807 1811 1816
479 1 1816 1810 1814 1817
480 1 1814 1813 1815 1816
481 1 1832 1830 1833 1837
482 1 1830 1829 1831 1832
483 1 1829 1826 1830 1835
484 1 1835 1829 1833 1836
485 1 1833 1832 1834 1835
486 1 1851 1849 1852 1856
487 1 1849 1848 1850 1851
488 1 1848 1845 1849 1854
489 1 1854 1848 1852 1855
490 1 1852 1851 1853 1854
491 1 1870 1868 1871 1875
492 1 1868 1867 1869 1870
493 1 1867 1864 1868 1873
494 1 1873 1867 1871 1874
495 1 1871 1870 1872 1873
496 1 1889 1887 1890 1894
497 1 1887 1886 1888 1889
498 1 1886 1883 1887 1892
499 1 1892 1886 1890 1893
500 1 1890 1889 1891 1892
501 1 1908 1906 1909 1913
502 1 1906 1905 1907 1908
503 1 1905 1902 1906 1911
504 1 1911 1905 1909 1912
505 1 1909 1908 1910 1911
506 1 1927 1925 1928 1932
507 1 1925 1924 1926 1927
508 1 1924 1921 1925 1930
509 1 1930 1924 1928 1931
510 1 1928 1927 1929 1930
511 1 1946 1944 1947 1951
512 1 1944 1943 1945 1946
513 1 1943 1940 1944 1949
514 1 1949 1943 1947 1950
515 1 1947 1946 1948 1949
516 1 1965 1963 1966 1970
517 1 1963 1962 1964 1965
518 1 1962 1959 1963 1968
519 1 1968 1962 1966 1969
520 1 1966 1965 1967 1968
521 1 1984 1982 1985 1989
522 1 1982 1981 1983 1984
523 1 1981 1978 1982 1987
524 1 1987 1981 1985 1988
525 1 1985 1984 1986 1987
526 1 2003 2001 2004 2008
527 1 2001 2000 2002 2003
528 1 2000 1997 2001 2006
529 1 2006 2000 2004 2007
530 1 2004 2003 2005 2006
531 1 2022 2020 2023 2027
532 1 2020 2019 2021 2022
533 1 2019 2016 2020 2025
534 1 2025 2019 2023 2026
535 1 2023 2022 2024 2025
536 1 2041 2039 2042 2046
537 1 2039 2038 2040 2041
538 1 2038 2035 2039 2044
539 1 2044 2038 2042 2045
540 1 2042 2041 2043 2044
541 1 2060 2058 2061 2065
542 1 2058 2057 2059 2060
543 1 2057 2054 2058 2063
544 1 2063 2057 2061 2064
545 1 2061 2060 2062 2063
546 1 2079 2077 2080 2084
547 1 2077 2076 2078 2079
548 1 2076 2073 2077 2082
549 1 2082 2076 2080 2083
550 1 2080 2079 2081 2082
551 1 2098 2096 2099 2103
552 1 2096 2095 2097 2098
553 1 2095 2092 2096 2101
554 1 2101 2095 2099 2102
555 1 2099 2098 2100 2101
556 1 2117 2115 2118 2122
557 1 2115 2114 2116 2117
558 1 2114 2111 2115 2120
559 1 2120 2114 2118 2121
560 1 2118 2117 2119 2120
561 1 2136 2134 2137 2141
562 1 2134 2133 2135 2136
563 1 2133 2130 2134 2139
564 1 2139 2133 2137 2140
565 1 2137 2136 2138 2139
566 1 2155 2153 2156 2160
567 1 2153 2152 2154 2155
568 1 2152 2149 2153 2158
569 1 2158 2152 2156 2159
570 1 2156 2155 2157 2158
571 1 2174 2172 2175 2179
572 1 2172 2171 2173 2174
573 1 2171 2168 2172 2177
574 1 2177 2171 2175 2178
575 1 2175 2174 2176 2177
576 1 2193 2191 2194 2198
577 1 2191 2190 2192 2193
578 1 2190 2187 2191 2196
579 1 2196 2190 2194 2197
580 1 2194 2193 2195 2196
581 1 2212 2210 2213 2217
582 1 2210 2209 2211 2212
583 1 2209 2206 2210 2215
584 1 2215 2209 2213 2216
585 1 2213 2212 2214 2215
586 1 2231 2229 2232 2236
587 1 2229 2228 2230 2231
588 1 2228 2225 2229 2234
589 1 2234 2228 2232 2235
590 1 2232 2231 2233 2234
591 1 2250 2248 2251 2255
592 1 2248 2247 2249 2250
593 1 2247 2244 2248 2253
594 1 2253 2247 2251 2254
595 1 2251 2250 2252 2253
596 1 2269 2267 2270 2274
597 1 2267 2266 2268 2269
598 1 2266 2263 2267 2272
599 1 2272 2266 2270 2273
600 1 2270 2269 2271 2272
601 1 2288 2286 2289 2293
602 1 2286 2285 2287 2288
603 1 2285 2282 2286 2291
604 1 2291 2285 2289 2292
605 1 2289 2288 2290 2291
606 1 2307 2305 2308 2312
607 1 2305 2304 2306 2307
608 1 2304 2301 2305 2310
609 1 2310 2304 2308 2311
610 1 2308 2307 2309 2310
611 1 2326 2324 2327 2331
612 1 2324 2323 2325 2326
613 1 2323 2320 2324 2329
614 1 2329 2323 2327 2330
615 1 2327 2326 2328 2329
616 1 2345 2343 2346 2350
617 1 2343 2342 2344 2345
618 1 2342 2339 2343 2348
619 1 2348 2342 2346 2349
620 1 2346 2345 2347 2348
621 1 2364 2362 2365 2369
622 1 2362 2361 2363 2364
623 1 2361 2358 2362 2367
624 1 2367 2361 2365 2368
625 1 2365 2364 2366 2367
626 1 2383 2381 2384 2388
627 1 2381 2380 2382 2383
628 1 2380 2377 2381 2386
629 1 2386 2380 2384 2387
630 1 2384 2383 2385 2386
631 1 2402 2400 2403 2407
632 1 2400 2399 2401 2402
633 1 2399 2396 2400 2405
634 1 2405 2399 2403 2406
635 1 2403 2402 2404 2405
636 1 2421 2419 2422 2426
637 1 2419 2418 2420 2421
638 1 2418 2415 2419 2424
639 1 2424 2418 2422 2425
640 1 2422 2421 2423 2424
641 1 2440 2438 2441 2445
642 1 2438 2437 2439 2440
643 1 2437 2434 2438 2443
644 1 2443 2437 2441 2444
645 1 2441 2440 2442 2443
646 1 2459 2457 2460 2464
647 1 2457 2456 2458 2459
648 1 2456 2453 2457 2462
649 1 2462 2456 2460 2463
650 1 2460 2459 2461 2462
651 1 2478 2476 2479 2483
652 1 2476 2475 2477 2478
653 1 2475 2472 2476 2481
654 1 2481 2475 2479 2482
655 1 2479 2478 2480 2481
656 1 2497 2495 2498 2502
657 1 2495 2494 2496 2497
658 1 2494 2491 2495 2500
659 1 2500 2494 2498 2501
660 1 2498 2497 2499 2500
661 1 2516 2514 2517 2521
662 1 2514 2513 2515 2516
663 1 2513 2510 2514 2519
664 1 2519 2513 2517 2520
665 1 2517 2516 2518 2519
666 1 2535 2533 2536 2540
667 1 2533 2532 2534 2535
668 1 2532 2529 2533 2538
669 1 2538 2532 2536 2539
670 1 2536 2535 2537 2538
671 1 2554 2552 2555 2559
672 1 2552 2551 2553 2554
673 1 2551 2548 2552 2557
674 1 2557 2551 2555 2558
675 1 2555 2554 2556 2557
676 1 2573 2571 2574 2578
677 1 2571 2570 2572 2573
678 1 2570 2567 2571 2576
679 1 2576 2570 2574 2577
680 1 2574 2573 2575 2576
681 1 2592 2590 2593 2597
682 1 2590 2589 2591 2592
683 1 2589 2586 2590 2595
684 1 2595 2589 2593 2596
685 1 2593 2592 2594 2595
686 1 2611 2609 2612 2616
687 1 2609 2608 2610 2611
688 1 2608 2605 2609 2614
689 1 2614 2608 2612 2615
690 1 2612 2611 2613 2614
691 1 2630 2628 2631 2635
692 1 2628 2627 2629 2630
693 1 2627 2624 2628 2633
694 1 2633 2627 2631 2634
695 1 2631 2630 2632 2633
696 1 2649 2647 2650 2654
697 1 2647 2646 2648 2649
698 1 2646 2643 2647 2652
699 1 2652 2646 2650 2653
700 1 2650 2649 2651 2652
701 1 2668 2666 2669 2673
702 1 2666 2665 2667 2668
703 1 2665 2662 2666 2671
704 1 2671 2665 2669 2672
705 1 2669 2668 2670 2671
706 1 2687 2685 2688 2692
707 1 2685 2684 2686 2687
708 1 2684 2681 2685 2690
709 1 2690 2684 2688 2691
710 1 2688 2687 2689 2690
711 1 2706 2704 2707 2711
712 1 2704 2703 2705 2706
713 1 2703 2700 2704 2709
714 1 2709 2703 2707 2710
715 1 2707 2706 2708 2709
716 1 2725 2723 2726 2730
717 1 2723 2722 2724 2725
718 1 2722 2719 2723 2728
719 1 2728 2722 2726 2729
720 1 2726 2725 2727 2728
721 1 2744 2742 2745 2749
722 1 2742 2741 2743 2744
723 1 2741 2738 2742 2747
724 1 2747 2741 2745 2748
725 1 2745 2744 2746 2747
726 1 2763 2761 2764 2768
727 1 2761 2760 2762 2763
728 1 2760 2757 2761 2766
729 1 2766 2760 2764 2767
730 1 2764 2763 2765 2766
731 1 2782 2780 2783 2787
732 1 2780 2779 2781 2782
733 1 2779 2776 2780 2785
734 1 2785 2779 2783 2786
735 1 2783 2782 2784 2785
736 1 2801 2799 2802 2806
737 1 2799 2798 2800 2801
738 1 2798 2795 2799 2804
739 1 2804 2798 2802 2805
740 1 2802 2801 2803 2804
741 1 2820 2818 2821 2825
742 1 2818 2817 2819 2820
743 1 2817 2814 2818 2823
744 1 2823 2817 2821 2824
745 1 2821 2820 2822 2823
746 1 2839 2837 2840 2844
747 1 2837 2836 2838 2839
748 1 2836 2833 2837 2842
749 1 2842 2836 2840 2843
750 1 2840 2839 2841 2842
751 1 2858 2856 2859 2863
752 1 2856 2855 2857 2858
753 1 2855 2852 2856 2861
754 1 2861 2855 2859 2862
755 1 2859 2858 2860 2861
756 1 2877 2875 2878 2882
757 1 2875 2874 2876 2877
758 1 2874 2871 2875 2880
759 1 2880 2874 2878 2881
760 1 2878 2877 2879 2880
761 1 2896 2894 2897 2901
762 1 2894 2893 2895 2896
763 1 2893 2890 2894 2899
764 1 2899 2893 2897 2900
765 1 2897 2896 2898 2899
766 1 2915 2913 2916 2920
767 1 2913 2912 2914 2915
768 1 2912 2909 2913 2918
769 1 2918 2912 2916 2919
770 1 2916 2915 2917 2918
771 1 2934 2932 2935 2939
772 1 2932 2931 2933 2934
773 1 2931 2928 2932 2937
774 1 2937 2931 2935 2938
775 1 2935 2934 2936 2937
776 1 2953 2951 2954 2958
777 1 2951 2950 2952 2953
778 1 2950 2947 2951 2956
779 1 2956 2950 2954 2957
780 1 2954 2953 2955 2956
781 1 2972 2970 2973 2977
782 1 2970 2969 2971 2972
783 1 2969 2966 2970 2975
784 1 2975 2969 2973 2976
785 1 2973 2972 2974 2975
786 1 2991 2989 2992 2996
787 1 2989 2988 2990 2991
788 1 2988 2985 2989 2994
789 1 2994 2988 2992 2995
790 1 2992 2991 2993 2994
791 1 3010 3008 3011 3015
792 1 3008 3007 3009 3010
793 1 3007 3004 3008 3013
794 1 3013 3007 3011 3014
795 1 3011 3010 3012 3013
796 1 3029 3027 3030 3034
797 1 3027 3026 3028 3029
798 1 3026 3023 3027 3032
799 1 3032 3026 3030 3033
800 1 3030 3029 3031 3032
801 1 3048 3046 3049 3053
802 1 3046 3045 3047 3048
803 1 3045 3042 3046 3051
804 1 3051 3045 3049 3052
805 1 3049 3048 3050 3051
806 1 3067 3065 3068 3072
807 1 3065 3064 3066 3067
808 1 3064 3061 3065 3070
809 1 3070 3064 3068 3071
810 1 3068 3067 3069 3070
811 1 3086 3084 3087 3091
812 1 3084 3083 3085 3086
813 1 3083 3080 3084 3089
814 1 3089 3083 3087 3090
815 1 3087 3086 3088 3089
816 1 3105 3103 3106 3110
817 1 3103 3102 3104 3105
818 1 3102 3099 3103 3108
819 1 3108 3102 3106 3109
820 1 3106 3105 3107 3108
821 1 3124 3122 3125 3129
822 1 3122 3121 3123 3124
823 1 3121 3118 3122 3127
824 1 3127 3121 3125 3128
825 1 3125 3124 3126 3127
826 1 3143 3141 3144 3148
827 1 3141 3140 3142 3143
828 1 3140 3137 3141 3146
829 1 3146 3140 3144 3147
830 1 3144 3143 3145 3146
831 1 3162 3160 3163 3167
832 1 3160 3159 3161 3162
833 1 3159 3156 3160 3165
834 1 3165 3159 3163 3166
835 1 3163 3162 3164 3165
836 1 3181 3179 3182 3186
837 1 3179 3178 3180 3181
838 1 3178 3175 3179 3184
839 1 3184 3178 3182 3185
840 1 3182 3181 3183 3184
841 1 3200 3198 3201 3205
842 1 3198 3197 3199 3200
843 1 3197 3194 3198 3203
844 1 3203 3197 3201 3204
845 1 3201 3200 3202 3203
846 1 3219 3217 3220 3224
847 1 3217 3216 3218 3219
848 1 3216 3213 3217 3222
849 1 3222 3216 3220 3223
850 1 3220 3219 3221 3222
851 1 3238 3236 3239 3243
852 1 3236 3235 3237 3238
853 1 3235 3232 3236 3241
854 1 3241 3235 3239 3242
855 1 3239 3238 3240 3241
856 1 3257 3255 3258 3262
857 1 3255 3254 3256 3257
858 1 3254 3251 3255 3260
859 1 3260 3254 3258 3261
860 1 3258 3257 3259 3260
861 1 3276 3274 3277 3281
862 1 3274 3273 3275 3276
863 1 3273 3270 3274 3279
864 1 3279 3273 3277 3280
865 1 3277 3276 3278 3279
866 1 3295 3293 3296 3300
867 1 3293 3292 3294 3295
868 1 3292 3289 3293 3298
869 1 3298 3292 3296 3299
870 1 3296 3295 3297 3298
871 1 3314 3312 3315 3319
872 1 3312 3311 3313 3314
873 1 3311 3308 3312 3317
874 1 3317 3311 3315 3318
875 1 3315 3314 3316 3317
876 1 3333 3331 3334 3338
877 1 3331 3330 3332 3333
878 1 3330 3327 3331 3336
879 1 3336 3330 3334 3337
880 1 3334 3333 3335 3336
881 1 3352 3350 3353 3357
882 1 3350 3349 3351 3352
883 1 3349 3346 3350 3355
884 1 3355 3349 3353 3356
885 1 3353 3352 3354 3355
886 1 3371 3369 3372 3376
887 1 3369 3368 3370 3371
888 1 3368 3365 3369 3374
889 1 3374 3368 3372 3375
890 1 3372 3371 3373 3374
891 1 3390 3388 3391 3395
892 1 3388 3387 3389 3390
893 1 3387 3384 3388 3393
894 1 3393 3387 3391 3394
895 1 3391 3390 3392 3393
896 1 3409 3407 3410 3414
897 1 3407 3406 3408 3409
898 1 3406 3403 3407 3412
899 1 3412 3406 3410 3413
900 1 3410 3409 3411 3412
901 1 3428 3426 3429 3433
902 1 3426 3425 3427 3428
903 1 3425 3422 3426 3431
904 1 3431 3425 3429 3432
905 1 3429 3428 3430 3431
906 1 3447 3445 3448 3452
907 1 3445 3444 3446 3447
908 1 3444 3441 3445 3450
909 1 3450 3444 3448 3451
910 1 3448 3447 3449 3450
911 1 3466 3464 3467 3471
912 1 3464 3463 3465 3466
913 1 3463 3460 3464 3469
914 1 3469 3463 3467 3470
915 1 3467 3466 3468 3469
916 1 3485 3483 3486 3490
917 1 3483 3482 3484 3485
918 1 3482 3479 3483 3488
919 1 3488 3482 3486 3489
920 1 3486 3485 3487 3488
921 1 3504 3502 3505 3509
922 1 3502 3501 3503 3504
923 1 3501 3498 3502 3507
924 1 3507 3501 3505 3508
925 1 3505 3504 3506 3507
926 1 3523 3521 3524 3528
927 1 3521 3520 3522 3523
928 1 3520 3517 3521 3526
929 1 3526 3520 3524 3527
930 1 3524 3523 3525 3526
931 1 3542 3540 3543 3547
932 1 3540 3539 3541 3542
933 1 3539 3536 3540 3545
934 1 3545 3539 3543 3546
935 1 3543 3542 3544 3545
936 1 3561 3559 3562 3566
937 1 3559 3558 3560 3561
938 1 3558 3555 3559 3564
939 1 3564 3558 3562 3565
940 1 3562 3561 3563 3564
941 1 3580 3578 3581 3585
942 1 3578 3577 3579 3580
943 1 3577 3574 3578 3583
944 1 3583 3577 3581 3584
945 1 3581 3580 3582 3583
946 1 3599 3597 3600 3604
947 1 3597 3596 3598 3599
948 1 3596 3593 3597 3602
949 1 3602 3596 3600 3603
950 1 3600 3599 3601 3602
951 1 3618 3616 3619 3623
952 1 3616 3615 3617 3618
953 1 3615 3612 3616 3621
954 1 3621 3615 3619 3622
955 1 3619 3618 3620 3621
956 1 3637 3635 3638 3642
957 1 3635 3634 3636 3637
958 1 3634 3631 3635 3640
959 1 3640 3634 3638 3641
960 1 3638 3637 3639 3640
961 1 3656 3654 3657 3661
962 1 3654 3653 3655 3656
963 1 3653 3650 3654 3659
964 1 3659 3653 3657 3660
965 1 3657 3656 3658 3659
966 1 3675 3673 3676 3680
967 1 3673 3672 3674 3675
968 1 3672 3669 3673 3678
969 1 3678 3672 3676 3679
970 1 3676 3675 3677 3678
971 1 3694 3692 3695 3699
972 1 3692 3691 3693 3694
973 1 3691 3688 3692 3697
974 1 3697 3691 3695 3698
975 1 3695 3694 3696 3697
976 1 3713 3711 3714 3718
977 1 3711 3710 3712 3713
978 1 3710 3707 3711 3716
979 1 3716 3710 3714 3717
980 1 3714 3713 3715 3716
981 1 3732 3730 3733 3737
982 1 3730 3729 3731 3732
983 1 3729 3726 3730 3735
984 1 3735 3729 3733 3736
985 1 3733 3732 3734 3735
986 1 3751 3749 3752 3756
987 1 3749 3748 3750 3751
988 1 3748 3745 3749 3754
989 1 3754 3748 3752 3755
990 1 3752 3751 3753 3754
991 1 3770 3768 3771 3775
992 1 3768 3767 3769 3770
993 1 3767 3764 3768 3773
994 1 3773 3767 3771 3774
995 1 3771 3770 3772 3773
996 1 3789 3787 3790 3794
997 1 3787 3786 3788 3789
998 1 3786 3783 3787 3792
999 1 3792 3786 3790 3793
1000 1 3790 3789 3791 3792
1001 1 3808 3806 3809 3813
1002 1 3806 3805 3807 3808
1003 1 3805 3802 3806 3811
1004 1 3811 3805 3809 3812
1005 1 3809 3808 3810 3811
1006 1 3827 3825 3828 3832
1007 1 3825 3824 3826 3827
1008 1 3824 3821 3825 3830
1009 1 3830 3824 3828 3831
1010 1 3828 3827 3829 3830
1011 1 3846 3844 3847 3851
1012 1 3844 3843 3845 3846
1013 1 3843 3840 3844 3849
1014 1 3849 3843 3847 3850
1015 1 3847 3846 3848 3849
1016 1 3865 3863 3866 3870
1017 1 3863 3862 3864 3865
1018 1 3862 3859 3863 3868
1019 1 3868 3862 3866 3869
1020 1 3866 3865 3867 3868
1021 1 3884 3882 3885 3889
1022 1 3882 3881 3883 3884
1023 1 3881 3878 3882 3887
1024 1 3887 3881 3885 3888
1025 1 3885 3884 3886 3887
1026 1 3903 3901 3904 3908
1027 1 3901 3900 3902 3903
1028 1 3900 3897 3901 3906
1029 1 3906 3900 3904 3907
1030 1 3904 3903 3905 3906
1031 1 3922 3920 3923 3927
1032 1 3920 3919 3921 3922
1033 1 3919 3916 3920 3925
1034 1 3925 3919 3923 3926
1035 1 3923 3922 3924 3925
1036 1 3941 3939 3942 3946
1037 1 3939 3938 3940 3941
1038 1 3938 3935 3939 3944
1039 1 3944 3938 3942 3945
1040 1 3942 3941 3943 3944
1041 1 3960 3958 3961 3965
1042 1 3958 3957 3959 3960
1043 1 3957 3954 3958 3963
1044 1 3963 3957 3961 3964
1045 1 3961 3960 3962 3963
1046 1 3979 3977 3980 3984
1047 1 3977 3976 3978 3979
1048 1 3976 3973 3977 3982
1049 1 3982 3976 3980 3983
1050 1 3980 3979 3981 3982
1051 1 3998 3996 3999 4003
1052 1 3996 3995 3997 3998
1053 1 3995 3992 3996 4001
1054 1 4001 3995 3999 4002
1055 1 3999 3998 4000 4001
1056 1 4017 4015 4018 4022
1057 1 4015 4014 4016 4017
1058 1 4014 4011 4015 4020
1059 1 4020 4014 4018 4021
1060 1 4018 4017 4019 4020
1061 1 4036 4034 4037 4041
1062 1 4034 4033 4035 4036
1063 1 4033 4030 4034 4039
1064 1 4039 4033 4037 4040
1065 1 4037 4036 4038 4039
1066 1 4055 4053 4056 4060
1067 1 4053 4052 4054 4055
1068 1 4052 4049 4053 4058
1069 1 4058 4052 4056 4059
1070 1 4056 4055 4057 4058
1071 1 4074 4072 4075 4079
1072 1 4072 4071 4073 4074
1073 1 4071 4068 4072 4077
1074 1 4077 4071 4075 4078
1075 1 4075 4074 4076 4077
1076 1 4093 4091 4094 4098
1077 1 4091 4090 4092 4093
1078 1 4090 4087 4091 4096
1079 1 4096 4090 4094 4097
1080 1 4094 4093 4095 4096
1081 1 4112 4110 4113 4117
1082 1 4110 4109 4111 4112
1083 1 4109 4106 4110 4115
1084 1 4115 4109 4113 4116
1085 1 4113 4112 4114 4115
1086 1 4131 4129 4132 4136
1087 1 4129 4128 4130 4131
1088 1 4128 4125 4129 4134
1089 1 4134 4128 4132 4135
1090 1 4132 4131 4133 4134
1091 1 4150 4148 4151 4155
1092 1 4148 4147 4149 4150
1093 1 4147 4144 4148 4153
1094 1 4153 4147 4151 4154
1095 1 4151 4150 4152 4153
1096 1 4169 4167 4170 4174
1097 1 4167 4166 4168 4169
1098 1 4166 4163 4167 4172
1099 1 4172 4166 4170 4173
1100 1 4170 4169 4171 4172
1101 1 4188 4186 4189 4193
1102 1 4186 4185 4187 4188
1103 1 4185 4182 4186 4191
1104 1 4191 4185 4189 4192
1105 1 4189 4188 4190 4191
1106 1 4207 4205 4208 4212
1107 1 4205 4204 4206 4207
1108 1 4204 4201 4205 4210
1109 1 4210 4204 4208 4211
1110 1 4208 4207 4209 4210
1111 1 4226 4224 4227 4231
1112 1 4224 4223 4225 4226
1113 1 4223 4220 4224 4229
1114 1 4229 4223 4227 4230
1115 1 4227 4226 4228 4229
1116 1 4245 4243 4246 4250
1117 1 4243 4242 4244 4245
1118 1 4242 4239 4243 4248
1119 1 4248 4242 4246 4249
1120 1 4246 4245 4247 4248
1121 1 4264 4262 4265 4269
1122 1 4262 4261 4263 4264
1123 1 4261 4258 4262 4267
1124 1 4267 4261 4265 4268
1125 1 4265 4264 4266 4267
1126 1 4283 4281 4284 4288
1127 1 4281 4280 4282 4283
1128 1 4280 4277 4281 4286
1129 1 4286 4280 4284 4287
1130 1 4284 4283 4285 4286
1131 1 4302 4300 4303 4307
1132 1 4300 4299 4301 4302
1133 1 4299 4296 4300 4305
1134 1 4305 4299 4303 4306
1135 1 4303 4302 4304 4305
1136 1 4321 4319 4322 4326
1137 1 4319 4318 4320 4321
1138 1 4318 4315 4319 4324
1139 1 4324 4318 4322 4325
1140 1 4322 4321 4323 4324
1141 1 4340 4338 4341 4345
1142 1 4338 4337 4339 4340
1143 1 4337 4334 4338 4343
1144 1 4343 4337 4341 4344
1145 1 4341 4340 4342 4343
1146 1 4359 4357 4360 4364
1147 1 4357 4356 4358 4359
1148 1 4356 4353 4357 4362
1149 1 4362 4356 4360 4363
1150 1 4360 4359 4361 4362
1151 1 4378 4376 4379 4383
1152 1 4376 4375 4377 4378
1153 1 4375 4372 4376 4381
1154 1 4381 4375 4379 4382
1155 1 4379 4378 4380 4381
1156 1 4397 4395 4398 4402
1157 1 4395 4394 4396 4397
1158 1 4394 4391 4395 4400
1159 1 4400 4394 4398 4401
1160 1 4398 4397 4399 4400
1161 1 4416 4414 4417 4421
1162 1 4414 4413 4415 4416
1163 1 4413 4410 4414 4419
1164 1 4419 4413 4417 4420
1165 1 4417 4416 4418 4419
1166 1 4435 4433 4436 4440
1167 1 4433 4432 4434 4435
1168 1 4432 4429 4433 4438
1169 1 4438 4432 4436 4439
1170 1 4436 4435 4437 4438
1171 1 4454 4452 4455 4459
1172 1 4452 4451 4453 4454
1173 1 4451 4448 4452 4457
1174 1 4457 4451 4455 4458
1175 1 4455 4454 4456 4457
1176 1 4473 4471 4474 4478
1177 1 4471 4470 4472 4473
1178 1 4470 4467 4471 4476
1179 1 4476 4470 4474 4477
1180 1 4474 4473 4475 4476
1181 1 4492 4490 4493 4497
1182 1 4490 4489 4491 4492
1183 1 4489 4486 4490 4495
1184 1 4495 4489 4493 4496
1185 1 4493 4492 4494 4495
1186 1 4511 4509 4512 4516
1187 1 4509 4508 4510 4511
1188 1 4508 4505 4509 4514
1189 1 4514 4508 4512 4515
1190 1 4512 4511 4513 4514
1191 1 4530 4528 4531 4535
1192 1 4528 4527 4529 4530
1193 1 4527 4524 4528 4533
1194 1 4533 4527 4531 4534
1195 1 4531 4530 4532 4533
1196 1 4549 4547 4550 4554
1197 1 4547 4546 4548 4549
1198 1 4546 4543 4547 4552
1199 1 4552 4546 4550 4553
1200 1 4550 4549 4551 4552
1201 1 4568 4566 4569 4573
1202 1 4566 4565 4567 4568
1203 1 4565 4562 4566 4571
1204 1 4571 4565 4569 4572
1205 1 4569 4568 4570 4571
1206 1 4587 4585 4588 4592
1207 1 4585 4584 4586 4587
1208 1 4584 4581 4585 4590
1209 1 4590 4584 4588 4591
1210 1 4588 4587 4589 4590
1211 1 4606 4604 4607 4611
1212 1 4604 4603 4605 4606
1213 1 4603 4600 4604 4609
1214 1 4609 4603 4607 4610
1215 1 4607 4606 4608 4609
1216 1 4625 4623 4626 4630
1217 1 4623 4622 4624 4625
1218 1 4622 4619 4623 4628
1219 1 4628 4622 4626 4629
1220 1 4626 4625 4627 4628
1221 1 4644 4642 4645 4649
1222 1 4642 4641 4643 4644
1223 1 4641 4638 4642 4647
1224 1 4647 4641 4645 4648
1225 1 4645 4644 4646 4647
1226 1 4663 4661 4664 4668
1227 1 4661 4660 4662 4663
1228 1 4660 4657 4661 4666
1229 1 4666 4660 4664 4667
1230 1 4664 4663 4665 4666
1231 1 4682 4680 4683 4687
1232 1 4680 4679 4681 4682
1233 1 4679 4676 4680 4685
1234 1 4685 4679 4683 4686
1235 1 4683 4682 4684 4685
1236 1 4701 4699 4702 4706
1237 1 4699 4698 4700 4701
1238 1 4698 4695 4699 4704
1239 1 4704 4698 4702 4705
1240 1 4702 4701 4703 4704
1241 1 4720 4718 4721 4725
1242 1 4718 4717 4719 4720
1243 1 4717 4714 4718 4723
1244 1 4723 4717 4721 4724
1245 1 4721 4720 4722 4723
1246 1 4739 4737 4740 4744
1247 1 4737 4736 4738 4739
1248 1 4736 4733 4737 4742
1249 1 4742 4736 4740 4743
1250 1 4740 4739 4741 4742
1251 1 4758 4756 4759 4763
1252 1 4756 4755 4757 4758
1253 1 4755 4752 4756 4761
1254 1 4761 4755 4759 4762
1255 1 4759 4758 4760 4761
1256 1 4777 4775 4778 4782
1257 1 4775 4774 4776 4777
1258 1 4774 4771 4775 4780
1259 1 4780 4774 4778 4781
1260 1 4778 4777 4779 4780
1261 1 4796 4794 4797 4801
1262 1 4794 4793 4795 4796
1263 1 4793 4790 4794 4799
1264 1 4799 4793 4797 4800
1265 1 4797 4796 4798 4799
1266 1 4815 4813 4816 4820
1267 1 4813 4812 4814 4815
1268 1 4812 4809 4813 4818
1269 1 4818 4812 4816 4819
1270 1 4816 4815 4817 4818
1271 1 4834 4832 4835 4839
1272 1 4832 4831 4833 4834
1273 1 4831 4828 4832 4837
1274 1 4837 4831 4835 4838
1275 1 4835 4834 4836 4837
1276 1 4853 4851 4854 4858
1277 1 4851 4850 4852 4853
1278 1 4850 4847 4851 4856
1279 1 4856 4850 4854 4857
1280 1 4854 4853 4855 4856
1281 1 4872 4870 4873 4877
1282 1 4870 4869 4871 4872
1283 1 4869 4866 4870 4875
1284 1 4875 4869 4873 4876
1285 1 4873 4872 4874 4875
1286 1 4891 4889 4892 4896
1287 1 4889 4888 4890 4891
1288 1 4888 4885 4889 4894
1289 1 4894 4888 4892 4895
1290 1 4892 4891 4893 4894
1291 1 4910 4908 4911 4915
1292 1 4908 4907 4909 4910
1293 1 4907 4904 4908 4913
1294 1 4913 4907 4911 4914
1295 1 4911 4910 4912 4913
1296 1 4929 4927 4930 4934
1297 1 4927 4926 4928 4929
1298 1 4926 4923 4927 4932
1299 1 4932 4926 4930 4933
1300 1 4930 4929 4931 4932
1301 1 4948 4946 4949 4953
1302 1 4946 4945 4947 4948
1303 1 4945 4942 4946 4951
1304 1 4951 4945 4949 4952
1305 1 4949 4948 4950 4951
1306 1 4967 4965 4968 4972
1307 1 4965 4964 4966 4967
1308 1 4964 4961 4965 4970
1309 1 4970 4964 4968 4971
1310 1 4968 4967 4969 4970
1311 1 4986 4984 4987 4991
1312 1 4984 4983 4985 4986
1313 1 4983 4980 4984 4989
1314 1 4989 4983 4987 4990
1315 1 4987 4986 4988 4989
1316 1 5005 5003 5006 5010
1317 1 5003 5002 5004 5005
1318 1 5002 4999 5003 5008
1319 1 5008 5002 5006 5009
1320 1 5006 5005 5007 5008
1321 1 5024 5022 5025 5029
1322 1 5022 5021 5023 5024
1323 1 5021 5018 5022 5027
1324 1 5027 5021 5025 5028
1325 1 5025 5024 5026 5027
1326 1 5043 5041 5044 5048
1327 1 5041 5040 5042 5043
1328 1 5040 5037 5041 5046
1329 1 5046 5040 5044 5047
1330 1 5044 5043 5045 5046
1331 1 5062 5060 5063 5067
1332 1 5060 5059 5061 5062
1333 1 5059 5056 5060 5065
1334 1 5065 5059 5063 5066
1335 1 5063 5062 5064 5065
1336 1 5081 5079 5082 5086
1337 1 5079 5078 5080 5081
1338 1 5078 5075 5079 5084
1339 1 5084 5078 5082 5085
1340 1 5082 5081 5083 5084
1341 1 5100 5098 5101 5105
1342 1 5098 5097 5099 5100
1343 1 5097 5094 5098 5103
1344 1 5103 5097 5101 5104
1345 1 5101 5100 5102 5103
1346 1 5119 5117 5120 5124
1347 1 5117 5116 5118 5119
1348 1 5116 5113 5117 5122
1349 1 5122 5116 5120 5123
1350 1 5120 5119 5121 5122
1351 1 5138 5136 5139 5143
1352 1 5136 5135 5137 5138
1353 1 5135 5132 5136 5141
1354 1 5141 5135 5139 5142
1355 1 5139 5138 5140 5141
1356 1 5157 5155 5158 5162
1357 1 5155 5154 5156 5157
1358 1 5154 5151 5155 5160
1359 1 5160 5154 5158 5161
1360 1 5158 5157 5159 5160
1361 1 5176 5174 5177 5181
1362 1 5174 5173 5175 5176
1363 1 5173 5170 5174 5179
1364 1 5179 5173 5177 5180
1365 1 5177 5176 5178 5179
1366 1 5195 5193 5196 5200
1367 1 5193 5192 5194 5195
1368 1 5192 5189 5193 5198
1369 1 5198 5192 5196 5199
1370 1 5196 5195 5197 5198
1371 1 5214 5212 5215 5219
1372 1 5212 5211 5213 5214
1373 1 5211 5208 5212 5217
1374 1 5217 5211 5215 5218
1375 1 5215 5214 5216 5217
1376 1 5233 5231 5234 5238
1377 1 5231 5230 5232 5233
1378 1 5230 5227 5231 5236
1379 1 5236 5230 5234 5237
1380 1 5234 5233 5235 5236
1381 1 5252 5250 5253 5257
1382 1 5250 5249 5251 5252
1383 1 5249 5246 5250 5255
1384 1 5255 5249 5253 5256
1385 1 5253 5252 5254 5255
1386 1 5271 5269 5272 5276
1387 1 5269 5268 5270 5271
1388 1 5268 5265 5269 5274
1389 1 5274 5268 5272 5275
1390 1 5272 5271 5273 5274
1391 1 5290 5288 5291 5295
1392 1 5288 5287 5289 5290
1393 1 5287 5284 5288 5293
1394 1 5293 5287 5291 5294
1395 1 5291 5290 5292 5293
1396 1 5309 5307 5310 5314
1397 1 5307 5306 5308 5309
1398 1 5306 5303 5307 5312
1399 1 5312 5306 5310 5313
1400 1 5310 5309 5311 5312
1401 1 5328 5326 5329 5333
1402 1 5326 5325 5327 5328
1403 1 5325 5322 5326 5331
1404 1 5331 5325 5329 5332
1405 1 5329 5328 5330 5331
1406 1 5347 5345 5348 5352
1407 1 5345 5344 5346 5347
1408 1 5344 5341 5345 5350
1409 1 5350 5344 5348 5351
1410 1 5348 5347 5349 5350
1411 1 5366 5364 5367 5371
1412 1 5364 5363 5365 5366
1413 1 5363 5360 5364 5369
1414 1 5369 5363 5367 5370
1415 1 5367 5366 5368 5369
1416 1 5385 5383 5386 5390
1417 1 5383 5382 5384 5385
1418 1 5382 5379 5383 5388
1419 1 5388 5382 5386 5389
1420 1 5386 5385 5387 5388
1421 1 5404 5402 5405 5409
1422 1 5402 5401 5403 5404
1423 1 5401 5398 5402 5407
1424 1 5407 5401 5405 5408
1425 1 5405 5404 5406 5407
1426 1 5423 5421 5424 5428
1427 1 5421 5420 5422 5423
1428 1 5420 5417 5421 5426
1429 1 5426 5420 5424 5427
1430 1 5424 5423 5425 5426
1431 1 5442 5440 5443 5447
1432 1 5440 5439 5441 5442
1433 1 5439 5436 5440 5445
1434 1 5445 5439 5443 5446
1435 1 5443 5442 5444 5445
1436 1 5461 5459 5462 5466
1437 1 5459 5458 5460 5461
1438 1 5458 5455 5459 5464
1439 1 5464 5458 5462 5465
1440 1 5462 5461 5463 5464
1441 1 5480 5478 5481 5485
1442 1 5478 5477 5479 5480
1443 1 5477 5474 5478 5483
1444 1 5483 5477 5481 5484
1445 1 5481 5480 5482 5483
1446 1 5499 5497 5500 5504
1447 1 5497 5496 5498 5499
1448 1 5496 5493 5497 5502
1449 1 5502 5496 5500 5503
1450 1 5500 5499 5501 5502
1451 1 5518 5516 5519 5523
1452 1 5516 5515 5517 5518
1453 1 5515 5512 5516 5521
1454 1 5521 5515 5519 5522
1455 1 5519 5518 5520 5521
1456 1 5537 5535 5538 5542
1457 1 5535 5534 5536 5537
1458 1 5534 5531 5535 5540
1459 1 5540 5534 5538 5541
1460 1 5538 5537 5539 5540
1461 1 5556 5554 5557 5561
1462 1 5554 5553 5555 5556
1463 1 5553 5550 5554 5559
1464 1 5559 5553 5557 5560
1465 1 5557 5556 5558 5559
1466 1 5575 5573 5576 5580
1467 1 5573 5572 5574 5575
1468 1 5572 5569 5573 5578
1469 1 5578 5572 5576 5579
1470 1 5576 5575 5577 5578
1471 1 5594 5592 5595 5599
1472 1 5592 5591 5593 5594
1473 1 5591 5588 5592 5597
1474 1 5597 5591 5595 5598
1475 1 5595 5594 5596 5597
1476 1 5613 5611 5614 5618
1477 1 5611 5610 5612 5613
1478 1 5610 5607 5611 5616
1479 1 5616 5610 5614 5617
1480 1 5614 5613 5615 5616
1481 1 5632 5630 5633 5637
1482 1 5630 5629 5631 5632
1483 1 5629 5626 5630 5635
1484 1 5635 5629 5633 5636
1485 1 5633 5632 5634 5635
1486 1 5651 5649 5652 5656
1487 1 5649 5648 5650 5651
1488 1 5648 5645 5649 5654
1489 1 5654 5648 5652 5655
1490 1 5652 5651 5653 5654
1491 1 5670 5668 5671 5675
1492 1 5668 5667 5669 5670
1493 1 5667 5664 5668 5673
1494 1 5673 5667 5671 5674
1495 1 5671 5670 5672 5673
1496 1 5689 5687 5690 5694
1497 1 5687 5686 5688 5689
1498 1 5686 5683 5687 5692
1499 1 5692 5686 5690 5693
1500 1 5690 5689 5691 5692
1501 1 5708 5706 5709 5713
1502 1 5706 5705 5707 5708
1503 1 5705 5702 5706 5711
1504 1 5711 5705 5709 5712
1505 1 5709 5708 5710 5711
1506 1 5727 5725 5728 5732
1507 1 5725 5724 5726 5727
1508 1 5724 5721 5725 5730
1509 1 5730 5724 5728 5731
1510 1 5728 5727 5729 5730
1511 1 5746 5744 5747 5751
1512 1 5744 5743 5745 5746
1513 1 5743 5740 5744 5749
1514 1 5749 5743 5747 5750
1515 1 5747 5746 5748 5749
1516 1 5765 5763 5766 5770
1517 1 5763 5762 5764 5765
1518 1 5762 5759 5763 5768
1519 1 5768 5762 5766 5769
1520 1 5766 5765 5767 5768
1521 1 5784 5782 5785 5789
1522 1 5782 5781 5783 5784
1523 1 5781 5778 5782 5787
1524 1 5787 5781 5785 5788
1525 1 5785 5784 5786 5787
1526 1 5803 5801 5804 5808
1527 1 5801 5800 5802 5803
1528 1 5800 5797 5801 5806
1529 1 5806 5800 5804 5807
1530 1 5804 5803 5805 5806
1531 1 5822 5820 5823 5827
1532 1 5820 5819 5821 5822
1533 1 5819 5816 5820 5825
1534 1 5825 5819 5823 5826
1535 1 5823 5822 5824 5825
1536 1 5841 5839 5842 5846
1537 1 5839 5838 5840 5841
1538 1 5838 5835 5839 5844
1539 1 5844 5838 5842 5845
1540 1 5842 5841 5843 5844
1541 1 5860 5858 5861 5865
1542 1 5858 5857 5859 5860
1543 1 5857 5854 5858 5863
1544 1 5863 5857 5861 5864
1545 1 5861 5860 5862 5863
1546 1 5879 5877 5880 5884
1547 1 5877 5876 5878 5879
1548 1 5876 5873 5877 5882
1549 1 5882 5876 5880 5883
1550 1 5880 5879 5881 5882
1551 1 5898 5896 5899 5903
1552 1 5896 5895 5897 5898
1553 1 5895 5892 5896 5901
1554 1 5901 5895 5899 5902
1555 1 5899 5898 5900 5901
1556 1 5917 5915 5918 5922
1557 1 5915 5914 5916 5917
1558 1 5914 5911 5915 5920
1559 1 5920 5914 5918 5921
1560 1 5918 5917 5919 5920
1561 1 5936 5934 5937 5941
1562 1 5934 5933 5935 5936
1563 1 5933 5930 5934 5939
1564 1 5939 5933 5937 5940
1565 1 5937 5936 5938 5939
1566 1 5955 5953 5956 5960
1567 1 5953 5952 5954 5955
1568 1 5952 5949 5953 5958
1569 1 5958 5952 5956 5959
1570 1 5956 5955 5957 5958
1571 1 5974 5972 5975 5979
1572 1 5972 5971 5973 5974
1573 1 5971 5968 5972 5977
1574 1 5977 5971 5975 5978
1575 1 5975 5974 5976 5977
1576 1 5993 5991 5994 5998
1577 1 5991 5990 5992 5993
1578 1 5990 5987 5991 5996
1579 1 5996 5990 5994 5997
1580 1 5994 5993 5995 5996
1581 1 6012 6010 6013 6017
1582 1 6010 6009 6011 6012
1583 1 6009 6006 6010 6015
1584 1 6015 6009 6013 6016
1585 1 6013 6012 6014 6015
1586 1 6031 6029 6032 6036
1587 1 6029 6028 6030 6031
1588 1 6028 6025 6029 6034
1589 1 6034 6028 6032 6035
1590 1 6032 6031 6033 6034
1591 1 6050 6048 6051 6055
1592 1 6048 6047 6049 6050
1593 1 6047 6044 6048 6053
1594 1 6053 6047 6051 6054
1595 1 6051 6050 6052 6053
1596 1 6069 6067 6070 6074
1597 1 6067 6066 6068 6069
1598 1 6066 6063 6067 6072
1599 1 6072 6066 6070 6073
1600 1 6070 6069 6071 6072
1601 1 6088 6086 6089 6093
1602 1 6086 6085 6087 6088
1603 1 6085 6082 6086 6091
1604 1 6091 6085 6089 6092
1605 1 6089 6088 6090 6091
1606 1 6107 6105 6108 6112
1607 1 6105 6104 6106 6107
1608 1 6104 6101 6105 6110
1609 1 6110 6104 6108 6111
1610 1 6108 6107 6109 6110
1611 1 6126 6124 6127 6131
1612 1 6124 6123 6125 6126
1613 1 6123 6120 6124 6129
1614 1 6129 6123 6127 6130
1615 1 6127 6126 6128 6129
1616 1 6145 6143 6146 6150
1617 1 6143 6142 6144 6145
1618 1 6142 6139 6143 6148
1619 1 6148 6142 6146 6149
1620 1 6146 6145 6147 6148
1621 1 6164 6162 6165 6169
1622 1 6162 6161 6163 6164
1623 1 6161 6158 6162 6167
1624 1 6167 6161 6165 6168
1625 1 6165 6164 6166 6167
1626 1 6183 6181 6184 6188
1627 1 6181 6180 6182 6183
1628 1 6180 6177 6181 6186
1629 1 6186 6180 6184 6187
1630 1 6184 6183 6185 6186
1631 1 6202 6200 6203 6207
1632 1 6200 6199 6201 6202
1633 1 6199 6196 6200 6205
1634 1 6205 6199 6203 6206
1635 1 6203 6202 6204 6205
1636 1 6221 6219 6222 6226
1637 1 6219 6218 6220 6221
1638 1 6218 6215 6219 6224
1639 1 6224 6218 6222 6225
1640 1 6222 6221 6223 6224
1641 1 6240 6238 6241 6245
1642 1 6238 6237 6239 6240
1643 1 6237 6234 6238 6243
1644 1 6243 6237 6241 6244
1645 1 6241 6240 6242 6243
1646 1 6259 6257 6260 6264
1647 1 6257 6256 6258 6259
1648 1 6256 6253 6257 6262
1649 1 6262 6256 6260 6263
1650 1 6260 6259 6261 6262
1651 1 6278 6276 6279 6283
1652 1 6276 6275 6277 6278
1653 1 6275 6272 6276 6281
1654 1 6281 6275 6279 6282
1655 1 6279 6278 6280 6281
1656 1 6297 6295 6298 6302
1657 1 6295 6294 6296 6297
1658 1 6294 6291 6295 6300
1659 1 6300 6294 6298 6301
1660 1 6298 6297 6299 6300
1661 1 6316 6314 6317 6321
1662 1 6314 6313 6315 6316
1663 1 6313 6310 6314 6319
1664 1 6319 6313 6317 6320
1665 1 6317 6316 6318 6319
1666 1 6335 6333 6336 6340
1667 1 6333 6332 6334 6335
1668 1 6332 6329 6333 6338
1669 1 6338 6332 6336 6339
1670 1 6336 6335 6337 6338
1671 1 6354 6352 6355 6359
1672 1 6352 6351 6353 6354
1673 1 6351 6348 6352 6357
1674 1 6357 6351 6355 6358
1675 1 6355 6354 6356 6357
1676 1 6373 6371 6374 6378
1677 1 6371 6370 6372 6373
1678 1 6370 6367 6371 6376
1679 1 6376 6370 6374 6377
1680 1 6374 6373 6375 6376
1681 1 6392 6390 6393 6397
1682 1 6390 6389 6391 6392
1683 1 6389 6386 6390 6395
1684 1 6395 6389 6393 6396
1685 1 6393 6392 6394 6395
1686 1 6411 6409 6412 6416
1687 1 6409 6408 6410 6411
1688 1 6408 6405 6409 6414
1689 1 6414 6408 6412 6415
1690 1 6412 6411 6413 6414
1691 1 6430 6428 6431 6435
1692 1 6428 6427 6429 6430
1693 1 6427 6424 6428 6433
1694 1 6433 6427 6431 6434
1695 1 6431 6430 6432 6433
1696 1 6449 6447 6450 6454
1697 1 6447 6446 6448 6449
1698 1 6446 6443 6447 6452
1699 1 6452 6446 6450 6453
1700 1 6450 6449 6451 6452
1701 1 6468 6466 6469 6473
1702 1 6466 6465 6467 6468
1703 1 6465 6462 6466 6471
1704 1 6471 6465 6469 6472
1705 1 6469 6468 6470 6471
1706 1 6487 6485 6488 6492
1707 1 6485 6484 6486 6487
1708 1 6484 6481 6485 6490
1709 1 6490 6484 6488 6491
1710 1 6488 6487 6489 6490
1711 1 6506 6504 6507 6511
1712 1 6504 6503 6505 6506
1713 1 6503 6500 6504 6509
1714 1 6509 6503 6507 6510
1715 1 6507 6506 6508 6509
1716 1 6525 6523 6526 6530
1717 1 6523 6522 6524 6525
1718 1 6522 6519 6523 6528
1719 1 6528 6522 6526 6529
1720 1 6526 6525 6527 6528
1721 1 6544 6542 6545 6549
1722 1 6542 6541 6543 6544
1723 1 6541 6538 6542 6547
1724 1 6547 6541 6545 6548
1725 1 6545 6544 6546 6547
1726 1 6563 6561 6564 6568
1727 1 6561 6560 6562 6563
1728 1 6560 6557 6561 6566
1729 1 6566 6560 6564 6567
1730 1 6564 6563 6565 6566
1731 1 6582 6580 6583 6587
1732 1 6580 6579 6581 6582
1733 1 6579 6576 6580 6585
1734 1 6585 6579 6583 6586
1735 1 6583 6582 6584 6585
1736 1 6601 6599 6602 6606
1737 1 6599 6598 6600 6601
1738 1 6598 6595 6599 6604
1739 1 6604 6598 6602 6605
1740 1 6602 6601 6603 6604
1741 1 6620 6618 6621 6625
1742 1 6618 6617 6619 6620
1743 1 6617 6614 6618 6623
1744 1 6623 6617 6621 6624
1745 1 6621 6620 6622 6623
1746 1 6639 6637 6640 6644
1747 1 6637 6636 6638 6639
1748 1 6636 6633 6637 6642
1749 1 6642 6636 6640 6643
1750 1 6640 6639 6641 6642
1751 1 6658 6656 6659 6663
1752 1 6656 6655 6657 6658
1753 1 6655 6652 6656 6661
1754 1 6661 6655 6659 6662
1755 1 6659 6658 6660 6661
1756 1 6677 6675 6678 6682
1757 1 6675 6674 6676 6677
1758 1 6674 6671 6675 6680
1759 1 6680 6674 6678 6681
1760 1 6678 6677 6679 6680
1761 1 6696 6694 6697 6701
1762 1 6694 6693 6695 6696
1763 1 6693 6690 6694 6699
1764 1 6699 6693 6697 6700
1765 1 6697 6696 6698 6699
1766 1 6715 6713 6716 6720
1767 1 6713 6712 6714 6715
1768 1 6712 6709 6713 6718
1769 1 6718 6712 6716 6719
1770 1 6716 6715 6717 6718
1771 1 6734 6732 6735 6739
1772 1 6732 6731 6733 6734
1773 1 6731 6728 6732 6737
1774 1 6737 6731 6735 6738
1775 1 6735 6734 6736 6737
1776 1 6753 6751 6754 6758
1777 1 6751 6750 6752 6753
1778 1 6750 6747 6751 6756
1779 1 6756 6750 6754 6757
1780 1 6754 6753 6755 6756
1781 1 6772 6770 6773 6777
1782 1 6770 6769 6771 6772
1783 1 6769 6766 6770 6775
1784 1 6775 6769 6773 6776
1785 1 6773 6772 6774 6775
1786 1 6791 6789 6792 6796
1787 1 6789 6788 6790 6791
1788 1 6788 6785 6789 6794
1789 1 6794 6788 6792 6795
1790 1 6792 6791 6793 6794
1791 1 6810 6808 6811 6815
1792 1 6808 6807 6809 6810
1793 1 6807 6804 6808 6813
1794 1 6813 6807 6811 6814
1795 1 6811 6810 6812 6813
1796 1 6829 6827 6830 6834
1797 1 6827 6826 6828 6829
1798 1 6826 6823 6827 6832
1799 1 6832 6826 6830 6833
1800 1 6830 6829 6831 6832
1801 1 6848 6846 6849 6853
1802 1 6846 6845 6847 6848
1803 1 6845 6842 6846 6851
1804 1 6851 6845 6849 6852
1805 1 6849 6848 6850 6851
1806 1 6867 6865 6868 6872
1807 1 6865 6864 6866 6867
1808 1 6864 6861 6865 6870
1809 1 6870 6864 6868 6871
1810 1 6868 6867 6869 6870
1811 1 6886 6884 6887 6891
1812 1 6884 6883 6885 6886
1813 1 6883 6880 6884 6889
1814 1 6889 6883 6887 6890
1815 1 6887 6886 6888 6889
1816 1 6905 6903 6906 6910
1817 1 6903 6902 6904 6905
1818 1 6902 6899 6903 6908
1819 1 6908 6902 6906 6909
1820 1 6906 6905 6907 6908
1821 1 6924 6922 6925 6929
1822 1 6922 6921 6923 6924
1823 1 6921 6918 6922 6927
1824 1 6927 6921 6925 6928
1825 1 6925 6924 6926 6927
1826 1 6943 6941 6944 6948
1827 1 6941 6940 6942 6943
1828 1 6940 6937 6941 6946
1829 1 6946 6940 6944 6947
1830 1 6944 6943 6945 6946
1831 1 6962 6960 6963 6967
1832 1 6960 6959 6961 6962
1833 1 6959 6956 6960 6965
1834 1 6965 6959 6963 6966
1835 1 6963 6962 6964 6965
1836 1 6981 6979 6982 6986
1837 1 6979 6978 6980 6981
1838 1 6978 6975 6979 6984
1839 1 6984 6978 6982 6985
1840 1 6982 6981 6983 6984
1841 1 7000 6998 7001 7005
1842 1 6998 6997 6999 7000
1843 1 6997 6994 6998 7003
1844 1 7003 6997 7001 7004
1845 1 7001 7000 7002 7003
1846 1 7019 7017 7020 7024
1847 1 7017 7016 7018 7019
1848 1 7016 7013 7017 7022
1849 1 7022 7016 7020 7023
1850 1 7020 7019 7021 7022
1851 1 7038 7036 7039 7043
1852 1 7036 7035 7037 7038
1853 1 7035 7032 7036 7041
1854 1 7041 7035 7039 7042
1855 1 7039 7038 7040 7041
1856 1 7057 7055 7058 7062
1857 1 7055 7054 7056 7057
1858 1 7054 7051 7055 7060
1859 1 7060 7054 7058 7061
1860 1 7058 7057 7059 7060
1861 1 7076 7074 7077 7081
1862 1 7074 7073 7075 7076
1863 1 7073 7070 7074 7079
1864 1 7079 7073 7077 7080
1865 1 7077 7076 7078 7079
1866 1 7095 7093 7096 7100
1867 1 7093 7092 7094 7095
1868 1 7092 7089 7093 7098
1869 1 7098 7092 7096 7099
1870 1 7096 7095 7097 7098
1871 1 7114 7112 7115 7119
1872 1 7112 7111 7113 7114
1873 1 7111 7108 7112 7117
1874 1 7117 7111 7115 7118
1875 1 7115 7114 7116 7117
1876 1 7133 7131 7134 7138
1877 1 7131 7130 7132 7133
1878 1 7130 7127 7131 7136
1879 1 7136 7130 7134 7137
1880 1 7134 7133 7135 7136
1881 1 7152 7150 7153 7157
1882 1 7150 7149 7151 7152
1883 1 7149 7146 7150 7155
1884 1 7155 7149 7153 7156
1885 1 7153 7152 7154 7155
1886 1 7171 7169 7172 7176
1887 1 7169 7168 7170 7171
1888 1 7168 7165 7169 7174
1889 1 7174 7168 7172 7175
1890 1 7172 7171 7173 7174
1891 1 7190 7188 7191 7195
1892 1 7188 7187 7189 7190
1893 1 7187 7184 7188 7193
1894 1 7193 7187 7191 7194
1895 1 7191 7190 7192 7193
1896 1 7209 7207 7210 7214
1897 1 7207 7206 7208 7209
1898 1 7206 7203 7207 7212
1899 1 7212 7206 7210 7213
1900 1 7210 7209 7211 7212
1901 1 7228 7226 7229 7233
1902 1 7226 7225 7227 7228
1903 1 7225 7222 7226 7231
1904 1 7231 7225 7229 7232
1905 1 7229 7228 7230 7231
1906 1 7247 7245 7248 7252
1907 1 7245 7244 7246 7247
1908 1 7244 7241 7245 7250
1909 1 7250 7244 7248 7251
1910 1 7248 7247 7249 7250
1911 1 7266 7264 7267 7271
1912 1 7264 7263 7265 7266
1913 1 7263 7260 7264 7269
1914 1 7269 7263 7267 7270
1915 1 7267 7266 7268 7269
1916 1 7285 7283 7286 7290
1917 1 7283 7282 7284 7285
1918 1 7282 7279 7283 7288
1919 1 7288 7282 7286 7289
1920 1 7286 7285 7287 7288
1921 1 7304 7302 7305 7309
1922 1 7302 7301 7303 7304
1923 1 7301 7298 7302 7307
1924 1 7307 7301 7305 7308
1925 1 7305 7304 7306 7307
1926 1 7323 7321 7324 7328
1927 1 7321 7320 7322 7323
1928 1 7320 7317 7321 7326
1929 1 7326 7320 7324 7327
1930 1 7324 7323 7325 7326
1931 1 7342 7340 7343 7347
1932 1 7340 7339 7341 7342
1933 1 7339 7336 7340 7345
1934 1 7345 7339 7343 7346
1935 1 7343 7342 7344 7345
1936 1 7361 7359 7362 7366
1937 1 7359 7358 7360 7361
1938 1 7358 7355 7359 7364
1939 1 7364 7358 7362 7365
1940 1 7362 7361 7363 7364
1941 1 7380 7378 7381 7385
1942 1 7378 7377 7379 7380
1943 1 7377 7374 7378 7383
1944 1 7383 7377 7381 7384
1945 1 7381 7380 7382 7383
1946 1 7399 7397 7400 7404
1947 1 7397 7396 7398 7399
1948 1 7396 7393 7397 7402
1949 1 7402 7396 7400 7403
1950 1 7400 7399 7401 7402
1951 1 7418 7416 7419 7423
1952 1 7416 7415 7417 7418
1953 1 7415 7412 7416 7421
1954 1 7421 7415 7419 7422
1955 1 7419 7418 7420 7421
1956 1 7437 7435 7438 7442
1957 1 7435 7434 7436 7437
1958 1 7434 7431 7435 7440
1959 1 7440 7434 7438 7441
1960 1 7438 7437 7439 7440
1961 1 7456 7454 7457 7461
1962 1 7454 7453 7455 7456
1963 1 7453 7450 7454 7459
1964 1 7459 7453 7457 7460
1965 1 7457 7456 7458 7459
1966 1 7475 7473 7476 7480
1967 1 7473 7472 7474 7475
1968 1 7472 7469 7473 7478
1969 1 7478 7472 7476 7479
1970 1 7476 7475 7477 7478
1971 1 7494 7492 7495 7499
1972 1 7492 7491 7493 7494
1973 1 7491 7488 7492 7497
1974 1 7497 7491 7495 7498
1975 1 7495 7494 7496 7497
1976 1 7513 7511 7514 7518
1977 1 7511 7510 7512 7513
1978 1 7510 7507 7511 7516
1979 1 7516 7510 7514 7517
1980 1 7514 7513 7515 7516
1981 1 7532 7530 7533 7537
1982 1 7530 7529 7531 7532
1983 1 7529 7526 7530 7535
1984 1 7535 7529 7533 7536
1985 1 7533 7532 7534 7535
1986 1 7551 7549 7552 7556
1987 1 7549 7548 7550 7551
1988 1 7548 7545 7549 7554
1989 1 7554 7548 7552 7555
1990 1 7552 7551 7553 7554
1991 1 7570 7568 7571 7575
1992 1 7568 7567 7569 7570
1993 1 7567 7564 7568 7573
1994 1 7573 7567 7571 7574
1995 1 7571 7570 7572 7573
1996 1 7589 7587 7590 7594
1997 1 7587 7586 7588 7589
1998 1 7586 7583 7587 7592
1999 1 7592 7586 7590 7593
2000 1 7590 7589 7591 7592
2001 1 7608 7606 7609 7613
2002 1 7606 7605 7607 7608
2003 1 7605 7602 7606 7611
2004 1 7611 7605 7609 7612
2005 1 7609 7608 7610 7611
2006 1 7627 7625 7628 7632
2007 1 7625 7624 7626 7627
2008 1 7624 7621 7625 7630
2009 1 7630 7624 7628 7631
2010 1 7628 7627 7629 7630
2011 1 7646 7644 7647 7651
2012 1 7644 7643 7645 7646
2013 1 7643 7640 7644 7649
2014 1 7649 7643 7647 7650
2015 1 7647 7646 7648 7649
2016 1 7665 7663 7666 7670
2017 1 7663 7662 7664 7665
2018 1 7662 7659 7663 7668
2019 1 7668 7662 7666 7669
2020 1 7666 7665 7667 7668
2021 1 7684 7682 7685 7689
2022 1 7682 7681 7683 7684
2023 1 7681 7678 7682 7687
2024 1 7687 7681 7685 7688
2025 1 7685 7684 7686 7687
2026 1 7703 7701 7704 7708
2027 1 7701 7700 7702 7703
2028 1 7700 7697 7701 7706
2029 1 7706 7700 7704 7707
2030 1 7704 7703 7705 7706
2031 1 7722 7720 7723 7727
2032 1 7720 7719 7721 7722
2033 1 7719 7716 7720 7725
2034 1 7725 7719 7723 7726
2035 1 7723 7722 7724 7725
2036 1 7741 7739 7742 7746
2037 1 7739 7738 7740 7741
2038 1 7738 7735 7739 7744
2039 1 7744 7738 7742 7745
2040 1 7742 7741 7743 7744
2041 1 7760 7758 7761 7765
2042 1 7758 7757 7759 7760
2043 1 7757 7754 7758 7763
2044 1 7763 7757 7761 7764
2045 1 7761 7760 7762 7763
2046 1 7779 7777 7780 7784
2047 1 7777 7776 7778 7779
2048 1 7776 7773 7777 7782
2049 1 7782 7776 7780 7783
2050 1 7780 7779 7781 7782
2051 1 7798 7796 7799 7803
2052 1 7796 7795 7797 7798
2053 1 7795 7792 7796 7801
2054 1 7801 7795 7799 7802
2055 1 7799 7798 7800 7801
2056 1 7817 7815 7818 7822
2057 1 7815 7814 7816 7817
2058 1 7814 7811 7815 7820
2059 1 7820 7814 7818 7821
2060 1 7818 7817 7819 7820
2061 1 7836 7834 7837 7841
2062 1 7834 7833 7835 7836
2063 1 7833 7830 7834 7839
2064 1 7839 7833 7837 7840
2065 1 7837 7836 7838 7839
2066 1 7855 7853 7856 7860
2067 1 7853 7852 7854 7855
2068 1 7852 7849 7853 7858
2069 1 7858 7852 7856 7859
2070 1 7856 7855 7857 7858
2071 1 7874 7872 7875 7879
2072 1 7872 7871 7873 7874
2073 1 7871 7868 7872 7877
2074 1 7877 7871 7875 7878
2075 1 7875 7874 7876 7877
2076 1 7893 7891 7894 7898
2077 1 7891 7890 7892 7893
2078 1 7890 7887 7891 7896
2079 1 7896 7890 7894 7897
2080 1 7894 7893 7895 7896
2081 1 7912 7910 7913 7917
2082 1 7910 7909 7911 7912
2083 1 7909 7906 7910 7915
2084 1 7915 7909 7913 7916
2085 1 7913 7912 7914 7915
2086 1 7931 7929 7932 7936
2087 1 7929 7928 7930 7931
2088 1 7928 7925 7929 7934
2089 1 7934 7928 7932 7935
2090 1 7932 7931 7933 7934
2091 1 7950 7948 7951 7955
2092 1 7948 7947 7949 7950
2093 1 7947 7944 7948 7953
2094 1 7953 7947 7951 7954
2095 1 7951 7950 7952 7953
2096 1 7969 7967 7970 7974
2097 1 7967 7966 7968 7969
2098 1 7966 7963 7967 7972
2099 1 7972 7966 7970 7973
2100 1 7970 7969 7971 7972
2101 1 7988 7986 7989 7993
2102 1 7986 7985 7987 7988
2103 1 7985 7982 7986 7991
2104 1 7991 7985 7989 7992
2105 1 7989 7988 7990 7991
2106 1 8007 8005 8008 8012
2107 1 8005 8004 8006 8007
2108 1 8004 8001 8005 8010
2109 1 8010 8004 8008 8011
2110 1 8008 8007 8009 8010
2111 1 8026 8024 8027 8031
2112 1 8024 8023 8025 8026
2113 1 8023 8020 8024 8029
2114 1 8029 8023 8027 8030
2115 1 8027 8026 8028 8029
2116 1 8045 8043 8046 8050
2117 1 8043 8042 8044 8045
2118 1 8042 8039 8043 8048
2119 1 8048 8042 8046 8049
2120 1 8046 8045 8047 8048
2121 1 8064 8062 8065 8069
2122 1 8062 8061 8063 8064
2123 1 8061 8058 8062 8067
2124 1 8067 8061 8065 8068
2125 1 8065 8064 8066 8067
2126 1 8083 8081 8084 8088
2127 1 8081 8080 8082 8083
2128 1 8080 8077 8081 8086
2129 1 8086 8080 8084 8087
2130 1 8084 8083 8085 8086
2131 1 8102 8100 8103 8107
2132 1 8100 8099 8101 8102
2133 1 8099 8096 8100 8105
2134 1 8105 8099 8103 8106
2135 1 8103 8102 8104 8105
2136 1 8121 8119 8122 8126
2137 1 8119 8118 8120 8121
2138 1 8118 8115 8119 8124
2139 1 8124 8118 8122 8125
2140 1 8122 8121 8123 8124
2141 1 8140 8138 8141 8145
2142 1 8138 8137 8139 8140
2143 1 8137 8134 8138 8143
2144 1 8143 8137 8141 8144
2145 1 8141 8140 8142 8143
2146 1 8159 8157 8160 8164
2147 1 8157 8156 8158 8159
2148 1 8156 8153 8157 8162
2149 1 8162 8156 8160 8163
2150 1 8160 8159 8161 8162
2151 1 8178 8176 8179 8183
2152 1 8176 8175 8177 8178
2153 1 8175 8172 8176 8181
2154 1 8181 8175 8179 8182
2155 1 8179 8178 8180 8181
2156 1 8197 8195 8198 8202
2157 1 8195 8194 8196 8197
2158 1 8194 8191 8195 8200
2159 1 8200 8194 8198 8201
2160 1 8198 8197 8199 8200
2161 1 8216 8214 8217 8221
2162 1 8214 8213 8215 8216
2163 1 8213 8210 8214 8219
2164 1 8219 8213 8217 8220
2165 1 8217 8216 8218 8219
2166 1 8235 8233 8236 8240
2167 1 8233 8232 8234 8235
2168 1 8232 8229 8233 8238
2169 1 8238 8232 8236 8239
2170 1 8236 8235 8237 8238
2171 1 8254 8252 8255 8259
2172 1 8252 8251 8253 8254
2173 1 8251 8248 8252 8257
2174 1 8257 8251 8255 8258
2175 1 8255 8254 8256 8257
2176 1 8273 8271 8274 8278
2177 1 8271 8270 8272 8273
2178 1 8270 8267 8271 8276
2179 1 8276 8270 8274 8277
2180 1 8274 8273 8275 8276
2181 1 8292 8290 8293 8297
2182 1 8290 8289 8291 8292
2183 1 8289 8286 8290 8295
2184 1 8295 8289 8293 8296
2185 1 8293 8292 8294 8295
2186 1 8311 8309 8312 8316
2187 1 8309 8308 8310 8311
2188 1 8308 8305 8309 8314
2189 1 8314 8308 8312 8315
2190 1 8312 8311 8313 8314
2191 1 8330 8328 8331 8335
2192 1 8328 8327 8329 8330
2193 1 8327 8324 8328 8333
2194 1 8333 8327 8331 8334
2195 1 8331 8330 8332 8333
2196 1 8349 8347 8350 8354
2197 1 8347 8346 8348 8349
2198 1 8346 8343 8347 8352
2199 1 8352 8346 8350 8353
2200 1 8350 8349 8351 8352
2201 1 8368 8366 8369 8373
2202 1 8366 8365 8367 8368
2203 1 8365 8362 8366 8371
2204 1 8371 8365 8369 8372
2205 1 8369 8368 8370 8371
2206 1 8387 8385 8388 8392
2207 1 8385 8384 8386 8387
2208 1 8384 8381 8385 8390
2209 1 8390 8384 8388 8391
2210 1 8388 8387 8389 8390
2211 1 8406 8404 8407 8411
2212 1 8404 8403 8405 8406
2213 1 8403 8400 8404 8409
2214 1 8409 8403 8407 8410
2215 1 8407 8406 8408 8409
2216 1 8425 8423 8426 8430
2217 1 8423 8422 8424 8425
2218 1 8422 8419 8423 8428
2219 1 8428 8422 8426 8429
2220 1 8426 8425 8427 8428
2221 1 8444 8442 8445 8449
2222 1 8442 8441 8443 8444
2223 1 8441 8438 8442 8447
2224 1 8447 8441 8445 8448
2225 1 8445 8444 8446 8447
2226 1 8463 8461 8464 8468
2227 1 8461 8460 8462 8463
2228 1 8460 8457 8461 8466
2229 1 8466 8460 8464 8467
2230 1 8464 8463 8465 8466
2231 1 8482 8480 8483 8487
2232 1 8480 8479 8481 8482
2233 1 8479 8476 8480 8485
2234 1 8485 8479 8483 8486
2235 1 8483 8482 8484 8485
2236 1 8501 8499 8502 8506
2237 1 8499 8498 8500 8501
2238 1 8498 8495 8499 8504
2239 1 8504 8498 8502 8505
2240 1 8502 8501 8503 8504
2241 1 8520 8518 8521 8525
2242 1 8518 8517 8519 8520
2243 1 8517 8514 8518 8523
2244 1 8523 8517 8521 8524
2245 1 8521 8520 8522 8523
2246 1 8539 8537 8540 8544
2247 1 8537 8536 8538 8539
2248 1 8536 8533 8537 8542
2249 1 8542 8536 8540 8543
2250 1 8540 8539 8541 8542
2251 1 8558 8556 8559 8563
2252 1 8556 8555 8557 8558
2253 1 8555 8552 8556 8561
2254 1 8561 8555 8559 8562
2255 1 8559 8558 8560 8561
2256 1 8577 8575 8578 8582
2257 1 8575 8574 8576 8577
2258 1 8574 8571 8575 8580
2259 1 8580 8574 8578 8581
2260 1 8578 8577 8579 8580
2261 1 8596 8594 8597 8601
2262 1 8594 8593 8595 8596
2263 1 8593 8590 8594 8599
2264 1 8599 8593 8597 8600
2265 1 8597 8596 8598 8599
2266 1 8615 8613 8616 8620
2267 1 8613 8612 8614 8615
2268 1 8612 8609 8613 8618
2269 1 8618 8612 8616 8619
2270 1 8616 8615 8617 8618
2271 1 8634 8632 8635 8639
2272 1 8632 8631 8633 8634
2273 1 8631 8628 8632 8637
2274 1 8637 8631 8635 8638
2275 1 8635 8634 8636 8637
2276 1 8653 8651 8654 8658
2277 1 8651 8650 8652 8653
2278 1 8650 8647 8651 8656
2279 1 8656 8650 8654 8657
2280 1 8654 8653 8655 8656
2281 1 8672 8670 8673 8677
2282 1 8670 8669 8671 8672
2283 1 8669 8666 8670 8675
2284 1 8675 8669 8673 8676
2285 1 8673 8672 8674 8675
2286 1 8691 8689 8692 8696
2287 1 8689 8688 8690 8691
2288 1 8688 8685 8689 8694
2289 1 8694 8688 8692 8695
2290 1 8692 8691 8693 8694
2291 1 8710 8708 8711 8715
2292 1 8708 8707 8709 8710
2293 1 8707 8704 8708 8713
2294 1 8713 8707 8711 8714
2295 1 8711 8710 8712 8713
2296 1 8729 8727 8730 8734
2297 1 8727 8726 8728 8729
2298 1 8726 8723 8727 8732
2299 1 8732 8726 8730 8733
2300 1 8730 8729 8731 8732
2301 1 8748 8746 8749 8753
2302 1 8746 8745 8747 8748
2303 1 8745 8742 8746 8751
2304 1 8751 8745 8749 8752
2305 1 8749 8748 8750 8751
2306 1 8767 8765 8768 8772
2307 1 8765 8764 8766 8767
2308 1 8764 8761 8765 8770
2309 1 8770 8764 8768 8771
2310 1 8768 8767 8769 8770
2311 1 8786 8784 8787 8791
2312 1 8784 8783 8785 8786
2313 1 8783 8780 8784 8789
2314 1 8789 8783 8787 8790
2315 1 8787 8786 8788 8789
2316 1 8805 8803 8806 8810
2317 1 8803 8802 8804 8805
2318 1 8802 8799 8803 8808
2319 1 8808 8802 8806 8809
2320 1 8806 8805 8807 8808
2321 1 8824 8822 8825 8829
2322 1 8822 8821 8823 8824
2323 1 8821 8818 8822 8827
2324 1 8827 8821 8825 8828
2325 1 8825 8824 8826 8827
2326 1 8843 8841 8844 8848
2327 1 8841 8840 8842 8843
2328 1 8840 8837 8841 8846
2329 1 8846 8840 8844 8847
2330 1 8844 8843 8845 8846
2331 1 8862 8860 8863 8867
2332 1 8860 8859 8861 8862
2333 1 8859 8856 8860 8865
2334 1 8865 8859 8863 8866
2335 1 8863 8862 8864 8865
2336 1 8881 8879 8882 8886
2337 1 8879 8878 8880 8881
2338 1 8878 8875 8879 8884
2339 1 8884 8878 8882 8885
2340 1 8882 8881 8883 8884
2341 1 8900 8898 8901 8905
2342 1 8898 8897 8899 8900
2343 1 8897 8894 8898 8903
2344 1 8903 8897 8901 8904
2345 1 8901 8900 8902 8903
2346 1 8919 8917 8920 8924
2347 1 8917 8916 8918 8919
2348 1 8916 8913 8917 8922
2349 1 8922 8916 8920 8923
2350 1 8920 8919 8921 8922
2351 1 8938 8936 8939 8943
2352 1 8936 8935 8937 8938
2353 1 8935 8932 8936 8941
2354 1 8941 8935 8939 8942
2355 1 8939 8938 8940 8941
2356 1 8957 8955 8958 8962
2357 1 8955 8954 8956 8957
2358 1 8954 8951 8955 8960
2359 1 8960 8954 8958 8961
2360 1 8958 8957 8959 8960
2361 1 8976 8974 8977 8981
2362 1 8974 8973 8975 8976
2363 1 8973 8970 8974 8979
2364 1 8979 8973 8977 8980
2365 1 8977 8976 8978 8979
2366 1 8995 8993 8996 9000
2367 1 8993 8992 8994 8995
2368 1 8992 8989 8993 8998
2369 1 8998 8992 8996 8999
2370 1 8996 8995 8997 8998
2371 1 9014 9012 9015 9019
2372 1 9012 9011 9013 9014
2373 1 9011 9008 9012 9017
2374 1 9017 9011 9015 9018
2375 1 9015 9014 9016 9017
2376 1 9033 9031 9034 9038
2377 1 9031 9030 9032 9033
2378 1 9030 9027 9031 9036
2379 1 9036 9030 9034 9037
2380 1 9034 9033 9035 9036
2381 1 9052 9050 9053 9057
2382 1 9050 9049 9051 9052
2383 1 9049 9046 9050 9055
2384 1 9055 9049 9053 9056
2385 1 9053 9052 9054 9055
2386 1 9071 9069 9072 9076
2387 1 9069 9068 9070 9071
2388 1 9068 9065 9069 9074
2389 1 9074 9068 9072 9075
2390 1 9072 9071 9073 9074
2391 1 9090 9088 9091 9095
2392 1 9088 9087 9089 9090
2393 1 9087 9084 9088 9093
2394 1 9093 9087 9091 9094
2395 1 9091 9090 9092 9093
2396 1 9109 9107 9110 9114
2397 1 9107 9106 9108 9109
2398 1 9106 9103 9107 9112
2399 1 9112 9106 9110 9113
2400 1 9110 9109 9111 9112
2401 1 9128 9126 9129 9133
2402 1 9126 9125 9127 9128
2403 1 9125 9122 9126 9131
2404 1 9131 9125 9129 9132
2405 1 9129 9128 9130 9131
2406 1 9147 9145 9148 9152
2407 1 9145 9144 9146 9147
2408 1 9144 9141 9145 9150
2409 1 9150 9144 9148 9151
2410 1 9148 9147 9149 9150
2411 1 9166 9164 9167 9171
2412 1 9164 9163 9165 9166
2413 1 9163 9160 9164 9169
2414 1 9169 9163 9167 9170
2415 1 9167 9166 9168 9169
2416 1 9185 9183 9186 9190
2417 1 9183 9182 9184 9185
2418 1 9182 9179 9183 9188
2419 1 9188 9182 9186 9189
2420 1 9186 9185 9187 9188
2421 1 9204 9202 9205 9209
2422 1 9202 9201 9203 9204
2423 1 9201 9198 9202 9207
2424 1 9207 9201 9205 9208
2425 1 9205 9204 9206 9207
2426 1 9223 9221 9224 9228
2427 1 9221 9220 9222 9223
2428 1 9220 9217 9221 9226
2429 1 9226 9220 9224 9227
2430 1 9224 9223 9225 9226
2431 1 9242 9240 9243 9247
2432 1 9240 9239 9241 9242
2433 1 9239 9236 9240 9245
2434 1 9245 9239 9243 9246
2435 1 9243 9242 9244 9245
2436 1 9261 9259 9262 9266
2437 1 9259 9258 9260 9261
2438 1 9258 9255 9259 9264
2439 1 9264 9258 9262 9265
2440 1 9262 9261 9263 9264
2441 1 9280 9278 9281 9285
2442 1 9278 9277 9279 9280
2443 1 9277 9274 9278 9283
2444 1 9283 9277 9281 9284
2445 1 9281 9280 9282 9283
2446 1 9299 9297 9300 9304
2447 1 9297 9296 9298 9299
2448 1 9296 9293 9297 9302
2449 1 9302 9296 9300 9303
2450 1 9300 9299 9301 9302
2451 1 9318 9316 9319 9323
2452 1 9316 9315 9317 9318
2453 1 9315 9312 9316 9321
2454 1 9321 9315 9319 9322
2455 1 9319 9318 9320 9321
2456 1 9337 9335 9338 9342
2457 1 9335 9334 9336 9337
2458 1 9334 9331 9335 9340
2459 1 9340 9334 9338 9341
2460 1 9338 9337 9339 9340
2461 1 9356 9354 9357 9361
2462 1 9354 9353 9355 9356
2463 1 9353 9350 9354 9359
2464 1 9359 9353 9357 9360
2465 1 9357 9356 9358 9359
2466 1 9375 9373 9376 9380
2467 1 9373 9372 9374 9375
2468 1 9372 9369 9373 9378
2469 1 9378 9372 9376 9379
2470 1 9376 9375 9377 9378
2471 1 9394 9392 9395 9399
2472 1 9392 9391 9393 9394
2473 1 9391 9388 9392 9397
2474 1 9397 9391 9395 9398
2475 1 9395 9394 9396 9397
2476 1 9413 9411 9414 9418
2477 1 9411 9410 9412 9413
2478 1 9410 9407 9411 9416
2479 1 9416 9410 9414 9417
2480 1 9414 9413 9415 9416
2481 1 9432 9430 9433 9437
2482 1 9430 9429 9431 9432
2483 1 9429 9426 9430 9435
2484 1 9435 9429 9433 9436
2485 1 9433 9432 9434 9435
2486 1 9451 9449 9452 9456
2487 1 9449 9448 9450 9451
2488 1 9448 9445 9449 9454
2489 1 9454 9448 9452 9455
2490 1 9452 9451 9453 9454
2491 1 9470 9468 9471 9475
2492 1 9468 9467 9469 9470
2493 1 9467 9464 9468 9473
2494 1 9473 9467 9471 9474
2495 1 9471 9470 9472 9473
2496 1 9489 9487 9490 9494
2497 1 9487 9486 9488 9489
2498 1 9486 9483 9487 9492
2499 1 9492 9486 9490 9493
2500 1 9490 9489 9491 9492
