# Time-averaged data for fix myat3
# TimeStep v_mypress
1000 2688.86
2000 394.829
3000 219.986
4000 -404.647
5000 -182.061
6000 -177.842
7000 -255.269
8000 -63.0789
9000 -72.9162
10000 -320.597
11000 -60.5144
12000 -22.9558
13000 18.9499
14000 -360.565
15000 50.0537
16000 -439.033
17000 -132.909
18000 -195.296
19000 -4.18566
20000 348.845
21000 87.3718
22000 -260.241
23000 69.1469
24000 291.794
25000 13.8132
26000 128.067
27000 -16.2631
28000 -219.277
29000 -55.1216
30000 23.2369
31000 160.64
32000 26.8696
33000 332.737
34000 -69.5192
35000 8.22432
36000 101.844
37000 12.4486
38000 -239.975
39000 -66.9371
40000 -10.5778
41000 -79.1705
42000 -562.561
43000 165.634
44000 54.4167
45000 -195.413
46000 134.372
47000 121.342
48000 275.457
49000 -318.476
50000 -146.179
51000 -127.775
52000 45.9525
53000 138.382
54000 -655.732
55000 -93.5792
56000 -90.7321
57000 -507.672
58000 -102.237
59000 -64.441
60000 482.259
61000 81.7189
62000 176.158
63000 332.637
64000 265.161
65000 -108.303
66000 74.3329
67000 560.025
68000 292.627
69000 -2.29558
70000 363.066
71000 157.975
72000 -120.512
73000 -500.994
74000 -79.7464
75000 458.649
76000 114.448
77000 -126.303
78000 -44.454
79000 82.8937
80000 -47.736
81000 -143.673
82000 138.95
83000 -105.678
84000 203.178
85000 20.5477
86000 4.02524
87000 6.19109
88000 25.8748
89000 74.48
90000 68.0035
91000 400.547
92000 147.635
93000 67.4538
94000 -166.698
95000 -75.8158
96000 191.769
97000 44.3699
98000 403.291
99000 -302.615
100000 187.815
101000 40.5995
102000 23.4525
103000 110.963
104000 100.027
105000 285.13
106000 -20.9478
107000 104.186
108000 159.489
109000 221.998
110000 -18.5681
111000 146.404
112000 -411.456
113000 -139.338
114000 74.3649
115000 -53.5745
116000 -144.108
117000 -130.521
118000 -18.1095
119000 126.947
120000 -237.181
121000 236.732
122000 -68.9892
123000 -109.858
124000 53.2717
125000 -83.5703
126000 89.8624
127000 155.872
128000 -204.701
129000 87.7652
130000 345.139
131000 -146.381
132000 99.2257
133000 215.561
134000 141.379
135000 -134.679
136000 -174.879
137000 66.6684
138000 403.756
139000 -60.3634
140000 -185.226
141000 113.169
142000 -279.09
143000 122.329
144000 -240.949
145000 110.22
146000 -4.65189
147000 -264.699
148000 643.548
149000 191.594
150000 -122.264
151000 -32.1897
152000 -442.469
153000 -414.545
154000 -142.323
155000 60.8982
156000 -36.5356
157000 -116.58
158000 176.777
159000 348.671
160000 -143.146
161000 -283.613
162000 -9.93871
163000 294.714
164000 95.3482
165000 269.522
166000 263.405
167000 35.2031
168000 -39.8805
169000 230.57
170000 490.395
171000 107.591
172000 -561.977
173000 -20.2639
174000 405.626
175000 -97.212
176000 244.606
177000 203.237
178000 109.799
179000 -244.217
180000 21.9684
181000 275.483
182000 417.717
183000 335.916
184000 -68.0604
185000 188.916
186000 242.22
187000 252.621
188000 -16.2438
189000 145.012
190000 -122.196
191000 -188.227
192000 -50.3844
193000 135.502
194000 -214.609
195000 0.988556
196000 -102.296
197000 114.467
198000 -336.668
199000 66.2757
200000 195.964
201000 -54.3918
202000 -38.5885
203000 602.041
204000 -180.212
205000 91.711
206000 -173.952
207000 89.8238
208000 -185.689
209000 -265.554
210000 -34.4869
211000 -155.193
212000 -421.549
213000 69.6863
214000 255.817
215000 508.477
216000 -221.348
217000 22.4392
218000 -184.352
219000 -41.3496
220000 -403.276
221000 -440.571
222000 -197.654
223000 364.102
224000 -78.3892
225000 -53.6209
226000 448.285
227000 131.707
228000 -3.12778
229000 -152.602
230000 93.4485
231000 -81.5135
232000 66.725
233000 278.496
234000 137.807
235000 28.6986
236000 364.861
237000 71.9414
238000 248.625
239000 130.97
240000 -139.154
241000 -23.3085
242000 435.671
243000 -378.413
244000 29.7932
245000 209.456
246000 322.542
247000 -57.3249
248000 7.08267
249000 203.208
250000 114.642
251000 8.98091
252000 58.6995
253000 -19.7656
254000 -144.417
255000 -292.33
256000 289.805
257000 -48.306
258000 -22.2649
259000 72.487
260000 -139.952
261000 177.848
262000 -193.178
263000 -307.092
264000 291.448
265000 292.34
266000 124.508
267000 -66.6509
268000 -454.2
269000 -432.508
270000 58.9593
271000 -218.003
272000 16.8549
273000 56.8578
274000 253.841
275000 -55.941
276000 -120.509
277000 -8.86133
278000 -184.488
279000 229.323
280000 120.373
281000 272.597
282000 -279.8
283000 -198.27
284000 -163.943
285000 23.0953
286000 -29.6913
287000 -107.439
288000 68.9584
289000 3.75762
290000 51.8386
291000 16.5367
292000 21.662
293000 -404.058
294000 -311.222
295000 -126.121
296000 -25.1612
297000 337.516
298000 -93.1266
299000 -274.564
300000 86.87
301000 247.153
302000 -249.895
303000 -147.935
304000 -19.6086
305000 -170.4
306000 19.6827
307000 -119.629
308000 -127.131
309000 -203.332
310000 188.166
311000 228.576
312000 285.007
313000 -256.995
314000 -178.11
315000 235.646
316000 -399.113
317000 -50.9372
318000 -162.942
319000 -373.239
320000 225.874
321000 -195.347
322000 -57.2761
323000 121.772
324000 -56.8761
325000 -301.787
326000 1.92611
327000 -227.019
328000 19.3471
329000 232.663
330000 -427.288
331000 -78.7782
332000 125.92
333000 245.226
334000 128.655
335000 -380.018
336000 -146.852
337000 -319.812
338000 4.02726
339000 -303.56
340000 223.526
341000 149.514
342000 -565.965
343000 -200.873
344000 413.981
345000 281.041
346000 -153.313
347000 -220.377
348000 56.4944
349000 341.33
350000 -278.329
351000 -429.119
352000 -41.1609
353000 -109.073
354000 126.106
355000 -194.14
356000 -123.28
357000 -200.715
358000 185.84
359000 253.998
360000 -167.672
361000 -97.6921
362000 -322.119
363000 14.8035
364000 117.722
365000 191.92
366000 -101.143
367000 -11.1536
368000 232.341
369000 -102.457
370000 70.4795
371000 -144.11
372000 93.7136
373000 -41.618
374000 -102.47
375000 642.649
376000 -38.5106
377000 -335.123
378000 -285.455
379000 64.5273
380000 149.475
381000 -236.479
382000 -572.137
383000 -139.562
384000 108.252
385000 -108.932
386000 -144.237
387000 -264.786
388000 49.2411
389000 170.896
390000 -27.4695
391000 460.26
392000 -146.527
393000 -130.203
394000 -262.383
395000 304.248
396000 -165.883
397000 -49.6852
398000 -304.621
399000 31.144
400000 284.001
401000 -201.735
402000 65.4559
403000 305.679
404000 -10.2184
405000 219.565
406000 70.6053
407000 102.721
408000 193.79
409000 -54.8038
410000 -173.189
411000 -238.352
412000 5.48387
413000 224.87
414000 -163.434
415000 21.1717
416000 117.84
417000 -8.91677
418000 -75.0021
419000 -57.8039
420000 474.874
421000 94.5135
422000 -254.096
423000 99.0797
424000 255.643
425000 -144.084
426000 7.09081
427000 -360.976
428000 311.085
429000 -86.7595
430000 -229.936
431000 -104.869
432000 -18.5065
433000 498.578
434000 -78.2354
435000 -177.358
436000 461.523
437000 -58.8652
438000 -349.641
439000 -544.663
440000 -201.523
441000 485.479
442000 -8.11324
443000 -251.872
444000 119.728
445000 -168.455
446000 -62.486
447000 -62.381
448000 -377.441
449000 -216.939
450000 -191.439
451000 61.1419
452000 -317.373
453000 -24.1986
454000 182.14
455000 141.338
456000 50.0054
457000 73.0907
458000 139.076
459000 -164.719
460000 -71.362
461000 -134.503
462000 45.4054
463000 -75.9604
464000 203.901
465000 352.057
466000 -79.0992
467000 -190.656
468000 -144.589
469000 -218.621
470000 229.915
471000 27.9773
472000 -9.67466
473000 191.414
474000 137.842
475000 -13.5647
476000 -79.3702
477000 -47.3175
478000 29.5418
479000 141.79
480000 104.084
481000 -211.149
482000 -105.239
483000 -108.24
484000 -132.113
485000 -252.976
486000 -114.587
487000 -19.7136
488000 -28.0613
489000 149.1
490000 30.0055
491000 108.729
492000 51.9617
493000 65.9399
494000 -53.4253
495000 55.2392
496000 139.149
497000 -349.608
498000 -178.199
499000 274.325
500000 -169.9
501000 -147.346
502000 37.8434
503000 63.0632
504000 -6.73018
505000 69.2348
506000 129.353
507000 -38.0403
508000 22.64
509000 -70.3759
510000 352.72
511000 -109.321
512000 -185.418
513000 -16.1475
514000 -17.2747
515000 -402.312
516000 29.6623
517000 470.25
518000 281.339
519000 203.887
520000 -3.40863
521000 370.208
522000 -22.5677
523000 200.061
524000 83.9173
525000 117.271
526000 136.357
527000 -113.283
528000 28.6539
529000 195.595
530000 176.557
531000 -199.207
532000 -6.23554
533000 116.777
534000 283.777
535000 93.4425
536000 -119.012
537000 -342.096
538000 -194.666
539000 -335.335
540000 -98.935
541000 67.1416
542000 -335.892
543000 83.6885
544000 -106.564
545000 -5.50101
546000 -152.435
547000 -33.2829
548000 -44.1413
549000 376.182
550000 -71.8502
551000 -101.781
552000 -30.469
553000 -182.308
554000 111.166
555000 -330.05
556000 -279.155
557000 -86.139
558000 125.684
559000 127.694
560000 -361.74
561000 -86.7279
562000 289.074
563000 -293.009
564000 -53.2915
565000 110.447
566000 65.6153
567000 44.4718
568000 137.698
569000 -18.279
570000 -167.863
571000 41.2377
572000 -207.609
573000 293.325
574000 -246.254
575000 -437.961
576000 119.51
577000 336.391
578000 211.376
579000 -447.543
580000 -308.056
581000 149.274
582000 86.9975
583000 211.245
584000 -131.132
585000 339.723
586000 -7.63067
587000 -209.423
588000 -469.532
589000 -77.1181
590000 366.013
591000 128.153
592000 106.783
593000 179.519
594000 77.2057
595000 -0.323862
596000 20.5399
597000 -11.1266
598000 -243.04
599000 -232.459
600000 359.149
601000 -312.59
602000 -74.8263
603000 166.514
604000 -194.009
605000 -432.45
606000 92.5581
607000 -71.1133
608000 1.95754
609000 -65.5089
610000 -502.39
611000 -12.2905
612000 267.337
613000 200.577
614000 364.53
615000 199.015
616000 80.212
617000 -49.3575
618000 -23.6551
619000 -35.2187
620000 -166.563
621000 305.576
622000 -64.0791
623000 -211.871
624000 -27.3031
625000 -78.6164
626000 -6.35717
627000 112.32
628000 -7.68735
629000 -219.825
630000 379.471
631000 -401.89
632000 198.931
633000 49.1188
634000 9.85217
635000 43.0852
636000 12.4152
637000 415.647
638000 -106.386
639000 -10.2406
640000 -33.6263
641000 -391.164
642000 -189.836
643000 12.4301
644000 309.068
645000 159.124
646000 -60.9963
647000 -41.5876
648000 372.635
649000 -152.1
650000 -130.922
651000 -32.2894
652000 -15.7423
653000 215.078
654000 -244.064
655000 158.545
656000 -127.861
657000 282.921
658000 -159.473
659000 -291.233
660000 362.433
661000 -2.12259
662000 125.307
663000 -301.331
664000 -16.8042
665000 204.704
666000 206.343
667000 -164.249
668000 99.698
669000 23.6205
670000 -78.0084
671000 174.945
672000 78.3204
673000 -85.6041
674000 -540.364
675000 124.983
676000 42.7848
677000 -25.1451
678000 365.077
679000 52.0149
680000 -123.758
681000 -57.3825
682000 109.385
683000 414.806
684000 -155.322
685000 -110.316
686000 224.379
687000 -94.0201
688000 -280.919
689000 -93.231
690000 107.184
691000 315.166
692000 345.439
693000 210.859
694000 -78.6942
695000 -245.761
696000 131.293
697000 20.4137
698000 104.408
699000 -116.477
700000 -276.718
701000 454.518
702000 154.696
703000 156.355
704000 -249.668
705000 -301.314
706000 -31.6307
707000 84.206
708000 -136.944
709000 297.016
710000 81.6465
711000 91.9886
712000 -2.61265
713000 397.904
714000 -3.79947
715000 -185.895
716000 233.559
717000 121.947
718000 25.2075
719000 -40.0533
720000 186.614
721000 13.4319
722000 861.376
723000 109.096
724000 -272.962
725000 40.7735
726000 -198.755
727000 -179.619
728000 -459.134
729000 78.6383
730000 181.103
731000 -34.3118
732000 -403.333
733000 -21.0777
734000 49.8063
735000 -124.162
736000 -225.829
737000 -292.345
738000 23.3263
739000 153.13
740000 -204.544
741000 223.607
742000 -111.545
743000 -58.2655
744000 -17.3094
745000 122.264
746000 245.936
747000 -183.706
748000 -81.6494
749000 -112.379
750000 36.3348
751000 20.0066
752000 -44.7241
753000 161.375
754000 -321.767
755000 208.576
756000 154.17
757000 -144.316
758000 118.29
759000 -80.4628
760000 443.094
761000 -9.59229
762000 -149.918
763000 -368.386
764000 -134.195
765000 -134.259
766000 112.046
767000 339.943
768000 213.109
769000 117.954
770000 153.779
771000 -247.419
772000 219.363
773000 301.414
774000 -8.6086
775000 86.8868
776000 -111.012
777000 74.7489
778000 140.245
779000 256.89
780000 -126.478
781000 -566.376
782000 43.2209
783000 -20.5491
784000 -75.8175
785000 396.735
786000 23.4272
787000 104.907
788000 423.947
789000 -77.2124
790000 79.6044
791000 172.583
792000 52.5171
793000 -151.824
794000 186.269
795000 213.056
796000 -248.544
797000 336.054
798000 85.9626
799000 234.891
800000 -120.17
801000 -80.9365
802000 83.2375
803000 188.786
804000 26.745
805000 -133.364
806000 -20.2418
807000 -49.1095
808000 -35.3777
809000 215.466
810000 82.4584
811000 -33.8323
812000 -37.9472
813000 16.2086
814000 303.56
815000 238.048
816000 -6.7897
817000 36.4421
818000 312.94
819000 317.497
820000 -272.06
821000 -175.662
822000 -102.761
823000 184.061
824000 115.478
825000 -288.215
826000 12.1194
827000 9.72239
828000 -228.762
829000 228.138
830000 213.593
831000 -74.6622
832000 -305.158
833000 183.938
834000 50.866
835000 -25.4133
836000 216.139
837000 146.597
838000 -184.636
839000 -185.17
840000 139.239
841000 -84.1263
842000 287.964
843000 -145.771
844000 217.768
845000 40.3639
846000 63.1524
847000 -100.739
848000 -238.048
849000 -225.829
850000 336.939
851000 13.2138
852000 -151.416
853000 576.136
854000 -224.714
855000 125.286
856000 -255.007
857000 -360.189
858000 -312.494
859000 -321.345
860000 -149.738
861000 -375.534
862000 -76.2654
863000 52.7712
864000 66.7113
865000 83.117
866000 195.434
867000 -204.43
868000 52.0507
869000 158.825
870000 170.281
871000 -220.062
872000 94.3779
873000 68.8921
874000 434.676
875000 263.476
876000 -32.1105
877000 -336.966
878000 -106.687
879000 296.765
880000 266.095
881000 -161.327
882000 159.878
883000 240.465
884000 94.4005
885000 -390.675
886000 105.366
887000 117.23
888000 -74.5246
889000 -106.397
890000 254.47
891000 -462.479
892000 -97.2475
893000 -88.7844
894000 55.2757
895000 114.173
896000 104.179
897000 216.63
898000 163.092
899000 -323.284
900000 199.92
901000 237.751
902000 67.2879
903000 113.42
904000 85.0821
905000 -372.187
906000 96.3533
907000 290.977
908000 52.4605
909000 67.2684
910000 -32.7769
911000 -121.557
912000 28.8798
913000 -291.358
914000 322.883
915000 10.1819
916000 -81.8415
917000 -55.342
918000 27.9854
919000 457.928
920000 -170.688
921000 82.6611
922000 -155.622
923000 84.6038
924000 -87.4129
925000 -296.505
926000 163.212
927000 199.822
928000 -128.597
929000 86.3427
930000 128.113
931000 -432.108
932000 -69.6049
933000 130.055
934000 10.3711
935000 -59.1124
936000 -57.6996
937000 -210.61
938000 181.416
939000 -151.654
940000 56.7148
941000 317.746
942000 418.401
943000 -70.7072
944000 139.282
945000 -178.195
946000 74.067
947000 -296.195
948000 -67.334
949000 104.123
950000 -121.46
951000 -313.527
952000 -26.4113
953000 232.753
954000 74.351
955000 -160.581
956000 -210.987
957000 -171.008
958000 -386.697
959000 196.659
960000 172.271
961000 58.0468
962000 207.753
963000 -326.678
964000 -368.372
965000 413.58
966000 195.487
967000 -265.62
968000 -89.4836
969000 394.587
970000 54.935
971000 32.3395
972000 456.191
973000 -88.0154
974000 -73.1005
975000 25.2231
976000 149.234
977000 -91.5421
978000 338.15
979000 26.9036
980000 2.45122
981000 -33.3564
982000 -25.7496
983000 43.0117
984000 -40.0635
985000 190.648
986000 -16.0473
987000 -275.512
988000 -19.2812
989000 123.45
990000 242.207
991000 -294.062
992000 -443.227
993000 -43.016
994000 178.348
995000 255.646
996000 -442.285
997000 -71.8325
998000 89.1035
999000 300.241
1000000 192.266
1001000 76.8302
1002000 37.4485
1003000 -107.108
1004000 176.104
1005000 -105.35
1006000 -6.63684
1007000 316.021
1008000 314.184
1009000 124.139
1010000 46.7234
1011000 114.762
1012000 -134.829
1013000 -140.66
1014000 -275.301
1015000 148.195
1016000 196.045
1017000 289.758
1018000 46.3481
1019000 -104.587
1020000 345.499
1021000 206.206
1022000 -257.28
1023000 -148.638
1024000 -345.87
1025000 130.835
1026000 -45.7001
1027000 198.366
1028000 88.6909
1029000 -107.681
1030000 -3.30655
1031000 -70.3639
1032000 -122.668
1033000 170.165
1034000 -131.693
1035000 321.68
1036000 -66.7783
1037000 -257.647
1038000 -123.826
1039000 33.2551
1040000 384.601
1041000 -82.2535
1042000 -571.631
1043000 -35.6855
1044000 103.75
1045000 -85.2946
1046000 66.664
1047000 -147.158
1048000 -141.227
1049000 320.15
1050000 -25.5734
1051000 2.6148
1052000 -245.858
1053000 -205.283
1054000 -27.8307
1055000 48.7849
1056000 156.568
1057000 -52.1711
1058000 14.4931
1059000 -68.4434
1060000 277.405
1061000 -148.864
1062000 -47.3838
1063000 131.208
1064000 -42.8181
1065000 -316.151
1066000 -205.12
1067000 25.939
1068000 364.494
1069000 -57.455
1070000 -110.76
1071000 75.6125
1072000 215.937
1073000 -211.885
1074000 -154.338
1075000 -378.206
1076000 -93.1088
1077000 92.2728
1078000 -127.658
1079000 353.711
1080000 241.739
1081000 -139.365
1082000 113.521
1083000 -142.84
1084000 -328.987
1085000 117.251
1086000 -325.246
1087000 -267.636
1088000 3.20579
1089000 368.893
1090000 -103.628
1091000 22.8194
1092000 262.261
1093000 333.022
1094000 -42.6016
1095000 -398.827
1096000 161.403
1097000 -28.0077
1098000 63.5196
1099000 99.3974
1100000 349.731
1101000 100.175
1102000 -40.3467
1103000 747.697
1104000 -49.5048
1105000 -46.125
1106000 -336.444
1107000 287.2
1108000 -285.462
1109000 -168.099
1110000 -153.705
1111000 169.649
1112000 5.83635
1113000 48.4751
1114000 40.3557
1115000 146.039
1116000 179.095
1117000 -152.279
1118000 249.193
1119000 -171.892
1120000 50.8199
1121000 152.602
1122000 100.063
1123000 -2.54563
1124000 14.1415
1125000 101.141
1126000 -180.331
1127000 -127.6
1128000 96.1154
1129000 130.333
1130000 39.1888
1131000 -49.2701
1132000 141.417
1133000 -224.163
1134000 -158.208
1135000 442.108
1136000 122.235
1137000 8.99782
1138000 -73.768
1139000 89.4009
1140000 -51.11
1141000 281.361
1142000 74.6543
1143000 292.732
1144000 211.535
1145000 -32.0167
1146000 440.565
1147000 -163
1148000 209.565
1149000 -7.73972
1150000 201.424
1151000 313.287
1152000 -242.151
1153000 482.366
1154000 -227.106
1155000 -135.428
1156000 505.06
1157000 90.5361
1158000 262.4
1159000 -94.5866
1160000 -207.707
1161000 -305.786
1162000 -68.7804
1163000 -165.585
1164000 -107.607
1165000 12.5689
1166000 -92.6959
1167000 -79.5354
1168000 184.921
1169000 200.221
1170000 60.6368
1171000 182.367
1172000 26.9583
1173000 -79.9985
1174000 49.02
1175000 103.162
1176000 360.472
1177000 -94.8375
1178000 -175.167
1179000 130.771
1180000 -129.741
1181000 224.592
1182000 -50.8825
1183000 -274.598
1184000 -224.803
1185000 149.378
1186000 236.873
1187000 -66.7467
1188000 53.6705
1189000 -132.046
1190000 184.824
1191000 -224.867
1192000 -9.28444
1193000 407.244
1194000 276.649
1195000 73.6862
1196000 287.943
1197000 -88.9644
1198000 -321.482
1199000 341.689
1200000 -68.0691
1201000 -88.2384
1202000 248.485
1203000 -260.972
1204000 -80.9174
1205000 -48.2598
1206000 -278.488
1207000 -77.4659
1208000 374.733
1209000 -250.658
1210000 304.954
1211000 64.1482
1212000 261.399
1213000 -332.958
1214000 25.7263
1215000 -238.88
1216000 -43.7893
1217000 277.482
1218000 -105.18
1219000 104.049
1220000 -19.1547
1221000 -314.743
1222000 18.2648
1223000 42.8877
1224000 24.7074
1225000 184.061
1226000 -201.674
1227000 -234.627
1228000 -171.561
1229000 -283.763
1230000 28.2127
1231000 -31.7333
1232000 -161.364
1233000 106.344
1234000 89.3642
1235000 36.1778
1236000 2.35004
1237000 151.585
1238000 12.9993
1239000 347.988
1240000 -202.019
1241000 282.002
1242000 -80.8739
1243000 136.312
1244000 -290.214
1245000 -223.775
1246000 222.057
1247000 215.368
1248000 27.3602
1249000 -137.442
1250000 166.17
1251000 58.9829
1252000 -267.194
1253000 18.8795
1254000 190.719
1255000 59.1597
1256000 108.023
1257000 153.179
1258000 -153.156
1259000 -205.127
1260000 100.366
1261000 -213.315
1262000 115.402
1263000 371.944
1264000 64.1666
1265000 -159.111
1266000 35.138
1267000 153.397
1268000 171.488
1269000 -172.314
1270000 -340.557
1271000 76.4409
1272000 197.018
1273000 -229.853
1274000 88.7032
1275000 -35.4109
1276000 -220.172
1277000 -68.2448
1278000 63.1513
1279000 -151.679
1280000 -25.4415
1281000 140.062
1282000 -100.76
1283000 -151.96
1284000 139.136
1285000 201.127
1286000 -171.822
1287000 -111.995
1288000 -331.066
1289000 -188.229
1290000 -6.8139
1291000 -248.551
1292000 -415.465
1293000 108.612
1294000 204.158
1295000 65.2075
1296000 -368.632
1297000 114.946
1298000 -372.842
1299000 -344.303
1300000 61.9934
1301000 129.177
1302000 216.54
1303000 0.521451
1304000 187.027
1305000 33.8256
1306000 -36.1384
1307000 459.764
1308000 -276.459
1309000 -323.72
1310000 190.824
1311000 -3.05899
1312000 -232.346
1313000 124.028
1314000 -270.36
1315000 381.432
1316000 -400.731
1317000 55.3417
1318000 318.965
1319000 290.045
1320000 184.464
1321000 112.985
1322000 9.4719
1323000 -27.1028
1324000 593.076
1325000 136.221
1326000 -2.1124
1327000 -434.839
1328000 3.05246
1329000 36.1763
1330000 27.3677
1331000 -227.812
1332000 -26.8505
1333000 -4.59713
1334000 -158.011
1335000 116.04
1336000 -252.363
1337000 323.165
1338000 605.718
1339000 451.593
1340000 -11.5424
1341000 -161.76
1342000 -197.048
1343000 -199.834
1344000 69.2122
1345000 125.351
1346000 -7.38906
1347000 51.8898
1348000 276.188
1349000 -161.352
1350000 25.4279
1351000 177.485
1352000 -428.228
1353000 103.628
1354000 287.775
1355000 466.399
1356000 62.8105
1357000 -136.328
1358000 146.415
1359000 103.528
1360000 13.4743
1361000 -69.9057
1362000 -117.658
1363000 184.526
1364000 -1.7436
1365000 371.001
1366000 21.9631
1367000 288.454
1368000 -35.0949
1369000 -191.215
1370000 -76.4718
1371000 -136.254
1372000 -122.249
1373000 -27.7178
1374000 -86.3182
1375000 -143.195
1376000 60.7906
1377000 -50.2512
1378000 -371.008
1379000 81.6199
1380000 -49.7887
1381000 -304.596
1382000 -451.71
1383000 -41.9586
1384000 -227.51
1385000 -150.006
1386000 184.418
1387000 170.819
1388000 12.5319
1389000 -78.3209
1390000 -70.24
1391000 479.853
1392000 270.74
1393000 -138.626
1394000 223.863
1395000 -84.1923
1396000 -161.182
1397000 -89.8567
1398000 -205.809
1399000 -372.169
1400000 -290.688
1401000 134.892
1402000 -5.35743
1403000 240.843
1404000 -70.8989
1405000 -95.5108
1406000 -19.3944
1407000 219.243
1408000 277.801
1409000 117.349
1410000 -9.19871
1411000 -90.598
1412000 309.07
1413000 -87.3845
1414000 -80.6069
1415000 20.7714
1416000 -318.929
1417000 23.0079
1418000 565.4
1419000 60.5272
1420000 -85.2778
1421000 14.2813
1422000 -70.5543
1423000 -213.161
1424000 72.2156
1425000 275.121
1426000 170.286
1427000 -45.1449
1428000 164.038
1429000 -92.8551
1430000 -467.734
1431000 -135.062
1432000 80.332
1433000 151.777
1434000 161.418
1435000 -99.8463
1436000 -201.903
1437000 354.835
1438000 -45.3646
1439000 141.896
1440000 -135.209
1441000 177.026
1442000 -189.51
1443000 -44.4878
1444000 455.313
1445000 159.675
1446000 -47.4103
1447000 -274.027
1448000 70.7189
1449000 335.632
1450000 -105.275
1451000 -33.7297
1452000 -75.6314
1453000 67.2869
1454000 -432.077
1455000 119.046
1456000 -118.622
1457000 68.9366
1458000 -49.0394
1459000 93.0943
1460000 266.625
1461000 -32.3288
1462000 -179.445
1463000 159.277
1464000 -230.37
1465000 -154.559
1466000 196.838
1467000 85.7173
1468000 118.838
1469000 -29.3668
1470000 -58.1489
1471000 71.6956
1472000 -357.037
1473000 276.268
1474000 -49.3897
1475000 -335.813
1476000 -115.129
1477000 -249.196
1478000 -467.966
1479000 -124.167
1480000 180.346
1481000 98.4081
1482000 -290.888
1483000 -299.038
1484000 35.462
1485000 -65.8199
1486000 319.524
1487000 447.407
1488000 136.106
1489000 -98.5439
1490000 -386.91
1491000 256.558
1492000 -272.796
1493000 99.6358
1494000 -275.737
1495000 -188.047
1496000 -63.629
1497000 -42.721
1498000 -465.619
1499000 -49.0955
1500000 334.799
1501000 120.675
1502000 -107.016
1503000 -48.1588
1504000 174.523
1505000 78.2078
1506000 56.0774
1507000 89.8095
1508000 -28.7091
1509000 -323.54
1510000 89.2745
1511000 347.722
1512000 118.151
1513000 102.468
1514000 285.407
1515000 26.433
1516000 -126.926
1517000 -98.9714
1518000 -516.329
1519000 59.4039
1520000 42.7199
1521000 -48.3448
1522000 -395.563
1523000 -346.516
1524000 -80.9272
1525000 485.658
1526000 -419.639
1527000 -258.75
1528000 213.02
1529000 356.142
1530000 -49.1446
1531000 96.5144
1532000 -125.996
1533000 17.3199
1534000 119.678
1535000 87.7935
1536000 153.691
1537000 -237.421
1538000 -258.055
1539000 327.617
1540000 -4.41039
1541000 315.978
1542000 -339.102
1543000 -99.4957
1544000 136.709
1545000 300.088
1546000 -465.379
1547000 58.5505
1548000 322.062
1549000 -138.799
1550000 -200.868
1551000 85.7656
1552000 44.8782
1553000 233.823
1554000 -223.682
1555000 -158.893
1556000 -177.101
1557000 249.918
1558000 98.3869
1559000 65.4193
1560000 94.1705
1561000 -107.256
1562000 144.819
1563000 145.938
1564000 -225.813
1565000 42.6568
1566000 -689.755
1567000 498.295
1568000 190.662
1569000 -268.206
1570000 -70.4712
1571000 180.365
1572000 -65.0425
1573000 31.897
1574000 317.833
1575000 -145.775
1576000 -29.7827
1577000 -38.7194
1578000 -44.5688
1579000 -52.5127
1580000 7.97405
1581000 141.446
1582000 43.3797
1583000 -298.173
1584000 -94.7841
1585000 36.2619
1586000 -36.0047
1587000 -131.856
1588000 -283.969
1589000 -154.719
1590000 195.838
1591000 139.398
1592000 94.1624
1593000 -218.813
1594000 147.89
1595000 338.384
1596000 178.361
1597000 -268.162
1598000 -495.452
1599000 274.45
1600000 -88.0609
1601000 -194.173
1602000 95.013
1603000 -145.609
1604000 275.909
1605000 -36.7725
1606000 106.705
1607000 45.288
1608000 143.514
1609000 -37.5606
1610000 20.51
1611000 -16.4852
1612000 -32.7325
1613000 -574.019
1614000 95.0524
1615000 -124.085
1616000 471.583
1617000 71.7664
1618000 176.547
1619000 -186.297
1620000 -282.539
1621000 -190.125
1622000 -28.7247
1623000 -447.634
1624000 -295.02
1625000 -138
1626000 337.027
1627000 11.0018
1628000 -21.3725
1629000 -97.1081
1630000 -420.767
1631000 -104.455
1632000 70.5356
1633000 146.806
1634000 -90.8109
1635000 -67.8053
1636000 -204.997
1637000 -27.155
1638000 -176.266
1639000 217.883
1640000 60.2869
1641000 158.641
1642000 71.5485
1643000 225.887
1644000 37.2948
1645000 -18.7618
1646000 30.3473
1647000 261.881
1648000 506.695
1649000 45.6973
1650000 80.1509
1651000 5.02733
1652000 7.09124
1653000 -64.1368
1654000 -50.1373
1655000 54.4222
1656000 -14.628
1657000 429.781
1658000 181.225
1659000 -83.9489
1660000 -170.039
1661000 -52.9071
1662000 -432.973
1663000 -584.804
1664000 165.358
1665000 246.031
1666000 90.9707
1667000 -129.586
1668000 -168.647
1669000 43.2927
1670000 85.3222
1671000 -21.327
1672000 330.844
1673000 -96.1628
1674000 -161.805
1675000 -109.685
1676000 179.008
1677000 -247.968
1678000 -188.101
1679000 373.144
1680000 -129.416
1681000 23.9329
1682000 -351.296
1683000 112.274
1684000 444.346
1685000 411.373
1686000 -44.8542
1687000 657.007
1688000 -75.282
1689000 18.4591
1690000 -120.567
1691000 215.521
1692000 106.713
1693000 -277.792
1694000 120.812
1695000 -205.944
1696000 -221.572
1697000 -326.99
1698000 22.1286
1699000 -191.377
1700000 -109.735
1701000 -158.456
1702000 40.4634
1703000 -136.52
1704000 -240.618
1705000 114.893
1706000 -14.6072
1707000 -474.096
1708000 123.574
1709000 41.0354
1710000 20.319
1711000 302.073
1712000 -259.56
1713000 11.9347
1714000 97.3519
1715000 -41.5811
1716000 -73.4767
1717000 -494.857
1718000 220.477
1719000 143.625
1720000 -654.252
1721000 -58.5313
1722000 261.597
1723000 169.853
1724000 144.724
1725000 -148.705
1726000 357.491
1727000 236.766
1728000 44.385
1729000 -85.9732
1730000 -207.312
1731000 -265.395
1732000 -68.2093
1733000 166.83
1734000 -249.119
1735000 62.95
1736000 83.9422
1737000 232.847
1738000 46.689
1739000 124.006
1740000 -147.477
1741000 -175.598
1742000 -240.48
1743000 199.817
1744000 -144.522
1745000 161.454
1746000 152.029
1747000 338.927
1748000 256.304
1749000 -170.263
1750000 -387.132
1751000 -100.839
1752000 -231.457
1753000 -230.359
1754000 -442.679
1755000 -0.0276896
1756000 -232.749
1757000 -284.269
1758000 120.622
1759000 334.89
1760000 111.959
1761000 56.4334
1762000 -146.367
1763000 -84.4652
1764000 108.331
1765000 197.879
1766000 -106.547
1767000 -109.923
1768000 -86.6289
1769000 -144.97
1770000 167.498
1771000 -213.226
1772000 155.52
1773000 106.068
1774000 364.194
1775000 435.566
1776000 -64.6499
1777000 158.107
1778000 446.888
1779000 332.935
1780000 15.1586
1781000 134.32
1782000 398.57
1783000 -125.908
1784000 -172.099
1785000 83.2248
1786000 83.8826
1787000 -137.19
1788000 86.7618
1789000 338.19
1790000 52.2602
1791000 -91.4394
1792000 -313.587
1793000 132.543
1794000 138.605
1795000 211.476
1796000 -72.3411
1797000 -444.537
1798000 -13.721
1799000 244.629
1800000 -55.6566
1801000 -36.9486
1802000 76.8445
1803000 67.5861
1804000 268.358
1805000 205.866
1806000 115.119
1807000 109.458
1808000 25.4307
1809000 15.3571
1810000 -243.028
1811000 98.01
1812000 -164.657
1813000 -125.603
1814000 143.23
1815000 121.636
1816000 -250.103
1817000 -139.618
1818000 77.8088
1819000 118.702
1820000 -139.987
1821000 -131.872
1822000 213.781
1823000 104.081
1824000 217.053
1825000 -27.976
1826000 -146.74
1827000 32.6099
1828000 -18.8218
1829000 16.9191
1830000 236.24
1831000 116.687
1832000 346.01
1833000 -134.413
1834000 -314.8
1835000 122.593
1836000 162.082
1837000 -121.945
1838000 250.981
1839000 -272.303
1840000 277.639
1841000 -135.051
1842000 -61.4753
1843000 155.026
1844000 -39.9476
1845000 55.7514
1846000 292.369
1847000 -165.555
1848000 -283.377
1849000 -345.844
1850000 155.109
1851000 86.7974
1852000 -321.727
1853000 53.9927
1854000 281.052
1855000 -152.855
1856000 354.514
1857000 70.2903
1858000 -70.1539
1859000 -239.314
1860000 18.8651
1861000 22.8494
1862000 361.241
1863000 174.763
1864000 -221.932
1865000 -23.8793
1866000 -95.3049
1867000 205.129
1868000 105.546
1869000 59.6119
1870000 8.62133
1871000 -455.197
1872000 -217.673
1873000 -204.658
1874000 -196.318
1875000 -234.734
1876000 -274.036
1877000 -497.167
1878000 -145.862
1879000 248.279
1880000 453.03
1881000 -113.22
1882000 116.379
1883000 161.258
1884000 227.306
1885000 31.6409
1886000 -13.1875
1887000 -242.908
1888000 11.0579
1889000 -246.574
1890000 163.854
1891000 41.6817
1892000 -109.897
1893000 -614.715
1894000 226.992
1895000 95.4662
1896000 -98.3357
1897000 -141.045
1898000 443.297
1899000 46.4275
1900000 47.5185
1901000 -70.2426
1902000 -380.82
1903000 -228.246
1904000 9.53992
1905000 -372.176
1906000 202.048
1907000 354.413
1908000 195.815
1909000 57.5341
1910000 -43.6927
1911000 107.324
1912000 -117.382
1913000 97.56
1914000 77.2398
1915000 286.569
1916000 -107.029
1917000 -361.259
1918000 42.0624
1919000 -368.875
1920000 -104.544
1921000 207.467
1922000 41.7205
1923000 75.9698
1924000 261.182
1925000 103.518
1926000 -57.7935
1927000 -262.987
1928000 -406.299
1929000 -249.536
1930000 59.9044
1931000 27.7595
1932000 -269.764
1933000 51.853
1934000 -277.923
1935000 -85.6741
1936000 -69.9536
1937000 -228.456
1938000 -211.595
1939000 34.9599
1940000 -271.98
1941000 293.695
1942000 186.48
1943000 262.508
1944000 -88.8632
1945000 -234.666
1946000 186.065
1947000 -522.226
1948000 28.3572
1949000 212.326
1950000 7.50439
1951000 -17.3067
1952000 228.778
1953000 -300.019
1954000 -67.1999
1955000 -128.161
1956000 -67.72
1957000 91.3708
1958000 115.643
1959000 -222.714
1960000 257.423
1961000 117.473
1962000 49.6392
1963000 -221.836
1964000 178.38
1965000 -132.296
1966000 -4.64886
1967000 200.708
1968000 53.542
1969000 -141.045
1970000 3.04601
1971000 88.2388
1972000 -309.158
1973000 -90.4971
1974000 -274.186
1975000 -65.0048
1976000 171.904
1977000 405.422
1978000 19.9904
1979000 186.021
1980000 371.838
1981000 -321.545
1982000 -87.7882
1983000 -60.7078
1984000 -92.7656
1985000 -58.433
1986000 160.979
1987000 -93.3893
1988000 144.775
1989000 -51.4646
1990000 175.163
1991000 -371.505
1992000 -27.9735
1993000 139.98
1994000 126.625
1995000 23.175
1996000 -212.315
1997000 25.4795
1998000 246.576
1999000 -211.34
2000000 314.731
