# Time-averaged data for fix myat3
# TimeStep v_mypress
1000 -211.983
2000 134.703
3000 -73.0587
4000 129.798
5000 -400.048
6000 -105.182
7000 48.9439
8000 26.0983
9000 -112.056
10000 184.916
11000 82.3829
12000 -81.2644
13000 101.324
14000 217.757
15000 124.478
16000 71.459
17000 -251.382
18000 -27.0533
19000 61.9188
20000 -431.013
21000 -253.985
22000 80.2829
23000 48.2713
24000 -61.752
25000 219.722
26000 74.5647
27000 -18.8849
28000 -211.752
29000 -317.839
30000 -100.39
31000 324.368
32000 -486.933
33000 32.9001
34000 218.573
35000 -93.509
36000 116.607
37000 156.533
38000 126.786
39000 -332.737
40000 -7.34415
41000 -416.198
42000 -370.642
43000 231.332
44000 -61.0795
45000 191.372
46000 325.558
47000 -87.812
48000 -104.587
49000 29.5064
50000 95.3716
51000 22.4282
52000 48.7767
53000 36.0379
54000 -221.382
55000 620.838
56000 185.344
57000 -270.263
58000 66.9376
59000 42.913
60000 53.0917
61000 -236.195
62000 -146.948
63000 -99.0015
64000 -56.8756
65000 89.543
66000 74.6931
67000 144.572
68000 -137.021
69000 300.997
70000 302.95
71000 -51.5419
72000 96.7964
73000 -119.013
74000 -209.529
75000 -331.153
76000 -60.536
77000 -307.798
78000 -72.326
79000 93.1181
80000 -156.299
81000 -380.261
82000 332.189
83000 -69.1589
84000 361.004
85000 -56.6609
86000 -5.19971
87000 30.374
88000 -74.8989
89000 -129.693
90000 -74.1164
91000 -62.2498
92000 211.827
93000 217.99
94000 -62.6624
95000 261.736
96000 91.0958
97000 79.7601
98000 -92.2967
99000 6.88488
100000 -107.344
101000 250.525
102000 -68.273
103000 -0.181795
104000 151.671
105000 -149.824
106000 -36.3349
107000 -33.6415
108000 56.8329
109000 -389.769
110000 -49.9761
111000 -27.391
112000 133.266
113000 112.387
114000 -0.613797
115000 -20.391
116000 292.725
117000 137.453
118000 -84.1492
119000 -48.5541
120000 176.352
121000 221.088
122000 155.287
123000 -48.8795
124000 88.1847
125000 103.55
126000 -79.6309
127000 118.161
128000 2.54539
129000 353.154
130000 -132.433
131000 -209.781
132000 -148.37
133000 -103.769
134000 -158.235
135000 414.78
136000 -244.546
137000 144.463
138000 -216.089
139000 99.4443
140000 105.208
141000 -190.677
142000 -272.853
143000 49.3146
144000 278.578
145000 -151.329
146000 192.628
147000 85.5875
148000 29.7498
149000 -77.6362
150000 -200.031
151000 160.651
152000 -89.782
153000 -130.074
154000 151.169
155000 458.521
156000 58.3809
157000 227.982
158000 8.87976
159000 -39.9494
160000 197.036
161000 -20.2249
162000 -266.28
163000 348.397
164000 137.934
165000 -189.746
166000 -218.67
167000 -83.3809
168000 -215.159
169000 -287.855
170000 35.9955
171000 107.478
172000 -16.8345
173000 41.6544
174000 83.7632
175000 -186.93
176000 63.6937
177000 -198.188
178000 231.891
179000 46.8271
180000 -269.719
181000 -46.2685
182000 103.832
183000 258.862
184000 43.4012
185000 181.035
186000 -43.9996
187000 55.9186
188000 -183.728
189000 203.207
190000 132.798
191000 -43.1236
192000 -45.1
193000 -72.3087
194000 -150.412
195000 220.702
196000 -242.305
197000 75.4932
198000 -101.92
199000 -149.908
200000 -458.531
201000 243.884
202000 -31.7555
203000 90.702
204000 -417.331
205000 93.4942
206000 197.93
207000 224.762
208000 101.028
209000 139.612
210000 247.87
211000 47.4559
212000 55.5398
213000 164.433
214000 159.938
215000 321.951
216000 362.945
217000 -40.0471
218000 -140.564
219000 250.664
220000 -61.5206
221000 82.4777
222000 52.5887
223000 -303.07
224000 -73.5857
225000 -153.477
226000 177.058
227000 -100.149
228000 -58.7324
229000 -430.472
230000 -255.701
231000 2.05602
232000 32.5405
233000 331.055
234000 -235.396
235000 -97.2596
236000 10.9717
237000 -74.0576
238000 321.468
239000 33.3122
240000 -399.39
241000 123.136
242000 -187.057
243000 54.3165
244000 40.0498
245000 -103.134
246000 -148.154
247000 -226.18
248000 36.507
249000 202.08
250000 69.8886
251000 -16.746
252000 145.379
253000 308.733
254000 -241.69
255000 164.937
256000 -103.04
257000 54.4085
258000 121.303
259000 282.839
260000 1.81246
261000 -165.77
262000 -324.524
263000 64.5297
264000 -307.195
265000 61.6727
266000 -177.723
267000 60.5676
268000 -582.309
269000 169.145
270000 -131.796
271000 366.619
272000 31.4237
273000 -230.88
274000 162.379
275000 21.4516
276000 62.244
277000 -229.458
278000 190.325
279000 137.47
280000 -0.148684
281000 17.7037
282000 -120.058
283000 -63.4319
284000 -201.038
285000 -56.0084
286000 -156
287000 -39.9433
288000 372.157
289000 -87.6368
290000 208.807
291000 -279.385
292000 -217.297
293000 28.5607
294000 -217.731
295000 60.1007
296000 31.0271
297000 1.88039
298000 136.75
299000 -12.9513
300000 76.0804
301000 -58.5113
302000 -497.853
303000 -120.909
304000 95.4124
305000 -77.4527
306000 -240.808
307000 -199.072
308000 281.01
309000 69.545
310000 93.0653
311000 246.862
312000 158.832
313000 -176.047
314000 53.2406
315000 518.357
316000 -186.721
317000 90.3217
318000 117.27
319000 207.363
320000 -333.819
321000 111.196
322000 -3.06756
323000 179.369
324000 66.6399
325000 44.1463
326000 37.173
327000 30.588
328000 -155.944
329000 525.256
330000 -130.122
331000 76.7979
332000 565.541
333000 29.5759
334000 -193.573
335000 216.848
336000 1.64324
337000 -157.787
338000 -39.2238
339000 25.0686
340000 -416.38
341000 -52.3402
342000 39.5052
343000 57.5782
344000 -91.3783
345000 -251.213
346000 -206.08
347000 -424.547
348000 132.019
349000 -130.025
350000 234.867
351000 -400.862
352000 118.951
353000 168.817
354000 223.283
355000 -44.584
356000 -245.827
357000 86.3528
358000 237.43
359000 146.881
360000 -237.416
361000 190.797
362000 301.625
363000 -582.847
364000 363.788
365000 60.1573
366000 134.237
367000 -252.368
368000 69.8008
369000 208.307
370000 -118.288
371000 -198.052
372000 -186.217
373000 178.793
374000 -25.9241
375000 -93.9834
376000 -51.351
377000 122.675
378000 134.345
379000 -185.628
380000 -15.4817
381000 81.1552
382000 226.104
383000 -503.797
384000 280.596
385000 -232.218
386000 68.774
387000 412.542
388000 -149.125
389000 36.1556
390000 -2.32091
391000 237.674
392000 -152.662
393000 235.816
394000 -28.004
395000 -132.637
396000 -11.5378
397000 220.002
398000 -58.4516
399000 -294.835
400000 -151.455
401000 -127.036
402000 -267.857
403000 141.806
404000 -181.886
405000 119.537
406000 -221.148
407000 79.2227
408000 -222.205
409000 -175.977
410000 43.9965
411000 -490.963
412000 -1.93305
413000 558.572
414000 -222.06
415000 359.232
416000 14.7364
417000 54.9188
418000 33.2855
419000 -43.7475
420000 44.3984
421000 -290.317
422000 31.055
423000 -175.213
424000 -278.475
425000 -85.248
426000 280.244
427000 -317.517
428000 -3.82361
429000 20.2244
430000 218.033
431000 -53.2551
432000 -76.1518
433000 -43.8741
434000 -102.249
435000 28.6667
436000 -253.526
437000 -191.202
438000 148.233
439000 231.52
440000 5.35654
441000 22.6784
442000 297.057
443000 229.647
444000 145.792
445000 -35.5517
446000 -221.62
447000 160.88
448000 -251.834
449000 3.52095
450000 100.898
451000 -234.183
452000 140.157
453000 -207.616
454000 -92.0916
455000 172.871
456000 -69.8811
457000 199.855
458000 -27.0121
459000 -109.725
460000 -183.303
461000 -528.553
462000 227.381
463000 -39.9975
464000 -156.141
465000 -113.012
466000 72.9425
467000 310.16
468000 -250.309
469000 -0.269248
470000 -42.4731
471000 -515.637
472000 44.6122
473000 256.486
474000 -136.126
475000 -89.9205
476000 35.5961
477000 81.8772
478000 -365.152
479000 244.516
480000 14.2791
481000 62.8364
482000 -73.4755
483000 241.586
484000 49.5433
485000 -606.625
486000 -138.495
487000 672.517
488000 16.194
489000 -322.803
490000 -27.5548
491000 -183.176
492000 163.721
493000 -93.0963
494000 -280.046
495000 89.2916
496000 -243.397
497000 -68.6431
498000 117.258
499000 262.256
500000 -170.587
501000 -64.9507
502000 228.733
503000 -60.2667
504000 -385.949
505000 -186.195
506000 -125.887
507000 -40.8399
508000 -245.627
509000 -213.058
510000 41.6605
511000 8.106
512000 -68.2323
513000 -502.604
514000 485.282
515000 -306.934
516000 -81.9737
517000 -258.675
518000 381.634
519000 -189.212
520000 376.619
521000 -41.1423
522000 158.446
523000 269.4
524000 -229.097
525000 -6.59116
526000 118.412
527000 105.939
528000 493.271
529000 285.034
530000 26.1296
531000 -580.867
532000 -66.5753
533000 49.1214
534000 92.8543
535000 83.4741
536000 190.98
537000 -256.368
538000 144.875
539000 38.1899
540000 371.633
541000 38.1112
542000 138.779
543000 -46.4913
544000 -130.597
545000 -84.1698
546000 261.673
547000 -173.632
548000 57.966
549000 -6.44746
550000 224.911
551000 153.906
552000 -213.959
553000 -191.123
554000 53.4626
555000 -43.7278
556000 83.119
557000 391.722
558000 -128.48
559000 236.298
560000 -403.525
561000 -166.721
562000 260.124
563000 17.464
564000 -175.515
565000 126.181
566000 -193.801
567000 56.7039
568000 65.0054
569000 -71.3122
570000 -279.273
571000 -46.9499
572000 33.383
573000 43.2303
574000 150.977
575000 167.391
576000 6.71879
577000 -188.641
578000 244.481
579000 32.7578
580000 27.1985
581000 106.091
582000 -77.708
583000 355.49
584000 326.129
585000 285.171
586000 132
587000 -287.314
588000 -117.638
589000 -51.0674
590000 245.422
591000 -282.708
592000 234.695
593000 117.444
594000 -194.34
595000 180.695
596000 181.715
597000 -232.19
598000 -10.2682
599000 130.457
600000 195.698
601000 -48.8838
602000 213.712
603000 103.24
604000 -5.53715
605000 6.43082
606000 -98.7631
607000 -106.06
608000 156.597
609000 322.197
610000 420.525
611000 -141.345
612000 -56.5815
613000 441.937
614000 -223.419
615000 -504.364
616000 7.52918
617000 149.633
618000 -575.506
619000 -137.108
620000 198.417
621000 -43.8143
622000 135.653
623000 -152.655
624000 -115.484
625000 -136.014
626000 322.014
627000 234.192
628000 -85.2906
629000 -251.94
630000 -214.477
631000 188.407
632000 93.9112
633000 -200.63
634000 38.7038
635000 -117.349
636000 54.8484
637000 -343.384
638000 80.7257
639000 -39.1926
640000 110.42
641000 -145.123
642000 -138.598
643000 61.1645
644000 -368.225
645000 138.089
646000 24.7281
647000 -32.1535
648000 129.863
649000 -146.016
650000 -116.223
651000 -220.972
652000 -203.047
653000 321.808
654000 135.279
655000 37.122
656000 -214.133
657000 -163.024
658000 347.111
659000 192.596
660000 -3.99903
661000 123.847
662000 -271.107
663000 -293.075
664000 0.384834
665000 -72.0878
666000 73.5692
667000 -230.378
668000 24.7594
669000 82.3901
670000 96.5139
671000 -206.67
672000 -441.47
673000 141.342
674000 25.4714
675000 29.2437
676000 20.3158
677000 -264.775
678000 67.4712
679000 -81.0441
680000 -57.5158
681000 99.4748
682000 1.97712
683000 -222.907
684000 169.227
685000 -39.9542
686000 61.0687
687000 -377.465
688000 339.045
689000 -201.822
690000 -49.6649
691000 -112.864
692000 89.1392
693000 -139.455
694000 -149.183
695000 309.694
696000 -374.495
697000 271.18
698000 -179.339
699000 206.334
700000 66.7132
701000 187.602
702000 80.9378
703000 -80.8047
704000 90.1382
705000 313.567
706000 26.606
707000 153.709
708000 59.2966
709000 52.6903
710000 -211.848
711000 -133.392
712000 60.157
713000 172.793
714000 -222.979
715000 -232.807
716000 -136.702
717000 -123.982
718000 40.6555
719000 -310.306
720000 -9.93824
721000 55.7385
722000 -173.911
723000 76.1954
724000 177.166
725000 75.3423
726000 53.5126
727000 71.4359
728000 272.612
729000 -46.7194
730000 292.532
731000 -137.325
732000 295.765
733000 -259.937
734000 52.7203
735000 271.714
736000 -87.161
737000 45.0599
738000 -263.186
739000 139.319
740000 -385.029
741000 -123.879
742000 -189.549
743000 -493.004
744000 446.93
745000 271.283
746000 147.835
747000 167.968
748000 1.33248
749000 44.9441
750000 211.782
751000 -214.374
752000 318.173
753000 104.059
754000 -140.472
755000 378.679
756000 123.481
757000 -314.17
758000 204.827
759000 9.1923
760000 -102.305
761000 2.67895
762000 189.382
763000 -39.116
764000 -334.375
765000 -276.077
766000 -127.792
767000 33.0913
768000 -248.041
769000 -110.161
770000 -183.93
771000 175.767
772000 -38.8413
773000 -86.3616
774000 290.815
775000 -242.178
776000 91.4644
777000 461.059
778000 -83.1916
779000 203.624
780000 -485.011
781000 280.352
782000 -100.979
783000 -115.091
784000 10.4936
785000 -103.429
786000 -198.358
787000 226.68
788000 35.2988
789000 -214.61
790000 168.864
791000 -109.382
792000 302.571
793000 49.2955
794000 -20.6925
795000 -231.997
796000 348.299
797000 31.9591
798000 38.8988
799000 225.033
800000 142.933
801000 -97.9713
802000 -2.37372
803000 177.091
804000 -225.468
805000 -191.39
806000 -119.155
807000 24.6397
808000 -144.626
809000 -248.64
810000 338.099
811000 -86.3415
812000 118.901
813000 264.736
814000 -215.404
815000 -471.387
816000 91.4623
817000 -189.76
818000 303.255
819000 83.9528
820000 -45.9262
821000 -373.133
822000 -25.5635
823000 452.724
824000 258.855
825000 -94.7791
826000 -103.185
827000 -140.197
828000 83.4151
829000 65.9702
830000 -60.8026
831000 -90.5824
832000 227.306
833000 -204.071
834000 -25.7987
835000 -3.18775
836000 8.6115
837000 63.8057
838000 2.32864
839000 -149.818
840000 -132.026
841000 241.15
842000 -74.6986
843000 -161.049
844000 92.1353
845000 -104.723
846000 154.635
847000 -323.071
848000 48.9327
849000 481.297
850000 351.004
851000 236.176
852000 -313.116
853000 20.3187
854000 -95.4415
855000 -98.4052
856000 -234.073
857000 -79.4772
858000 -23.8759
859000 93.4583
860000 -195.734
861000 399.445
862000 -315.586
863000 294.512
864000 36.1735
865000 -81.9638
866000 171.337
867000 -92.1552
868000 345.492
869000 298.929
870000 -281.736
871000 24.8735
872000 -106.333
873000 12.1489
874000 -161.748
875000 -80.4803
876000 -222.814
877000 -44.2943
878000 -232.329
879000 -66.111
880000 -19.1778
881000 -59.458
882000 78.9356
883000 -118.097
884000 320.628
885000 -380.112
886000 224.84
887000 322.184
888000 -117.958
889000 195.892
890000 -92.9809
891000 -74.1692
892000 166.622
893000 -318.432
894000 -198.342
895000 112.881
896000 222.878
897000 -33.1915
898000 215.44
899000 82.0585
900000 -73.3899
901000 -407.25
902000 103.621
903000 -136.038
904000 -21.5616
905000 258.664
906000 -198.364
907000 52.6769
908000 28.9408
909000 -151.741
910000 -68.2437
911000 -150.124
912000 152.27
913000 -397.046
914000 -85.5374
915000 -137.937
916000 -77.4641
917000 -101.813
918000 26.4939
919000 120.372
920000 57.9119
921000 101.932
922000 -244.5
923000 134.771
924000 -241.738
925000 242.414
926000 -134.699
927000 285.242
928000 -51.956
929000 -140.754
930000 0.888474
931000 78.77
932000 -295.559
933000 63.6118
934000 417.177
935000 295.022
936000 -175.454
937000 196.231
938000 72.394
939000 273.128
940000 -111.664
941000 100.655
942000 103.036
943000 -241.418
944000 -209.317
945000 208.249
946000 -171.139
947000 -147.812
948000 117.013
949000 -59.0682
950000 -282.187
951000 162.983
952000 80.8817
953000 -80.2492
954000 344.488
955000 -54.0316
956000 -23.2162
957000 23.2403
958000 -84.2297
959000 -31.7402
960000 552.122
961000 -258.492
962000 274.831
963000 -23.9914
964000 23.5052
965000 2.34632
966000 227.63
967000 -109.246
968000 430.085
969000 -150.501
970000 296.272
971000 224.175
972000 190.448
973000 3.40321
974000 -17.858
975000 311.986
976000 -130.206
977000 100.78
978000 -37.0822
979000 354.731
980000 49.6522
981000 -163.156
982000 107.731
983000 -40.6632
984000 123.599
985000 -270.509
986000 -190.832
987000 220.797
988000 -339.526
989000 -159.275
990000 130.07
991000 225.827
992000 -428.427
993000 403.12
994000 -123.495
995000 -64.2581
996000 23.2894
997000 384.767
998000 -325.572
999000 165.084
1000000 23.3553
1001000 -432.85
1002000 196.798
1003000 42.1974
1004000 -42.3786
1005000 -141.234
1006000 158.83
1007000 64.558
1008000 -43.2649
1009000 88.2213
1010000 -10.3628
1011000 -190.007
1012000 -109.441
1013000 -174.935
1014000 254.835
1015000 261.564
1016000 -67.6137
1017000 -212.829
1018000 -10.6745
1019000 -183.768
1020000 10.7191
1021000 101.996
1022000 -182.182
1023000 -54.0735
1024000 -17.7841
1025000 -222.189
1026000 348.096
1027000 274.235
1028000 -154.226
1029000 -154.89
1030000 -112.709
1031000 -15.5201
1032000 -267.168
1033000 71.7045
1034000 -92.0705
1035000 -128.786
1036000 -82.5008
1037000 147.457
1038000 -30.5765
1039000 138.723
1040000 18.915
1041000 104.214
1042000 -189.223
1043000 -61.1915
1044000 11.077
1045000 265.156
1046000 65.2539
1047000 -14.0774
1048000 -61.9349
1049000 292.289
1050000 -161.668
1051000 -10.7721
1052000 -27.6073
1053000 48.8984
1054000 -438.97
1055000 36.874
1056000 159.913
1057000 -88.5507
1058000 -190.724
1059000 160.06
1060000 -180.594
1061000 391.246
1062000 374.407
1063000 55.4007
1064000 -24.5191
1065000 -9.052
1066000 17.2213
1067000 250.114
1068000 -78.6294
1069000 -66.9814
1070000 -155.995
1071000 46.3462
1072000 -11.0635
1073000 53.1508
1074000 -209.411
1075000 -29.5955
1076000 162.199
1077000 32.0244
1078000 -107.359
1079000 -79.036
1080000 6.53037
1081000 -57.2654
1082000 -226.988
1083000 236.432
1084000 166.358
1085000 77.7491
1086000 -148.4
1087000 460.729
1088000 -53.7365
1089000 -316.724
1090000 -79.4116
1091000 79.8106
1092000 -251.182
1093000 -33.9674
1094000 -303.375
1095000 132.179
1096000 183.313
1097000 -226.883
1098000 86.4602
1099000 6.75543
1100000 -364.283
1101000 115.853
1102000 221.32
1103000 -329.512
1104000 -107.572
1105000 -104.56
1106000 218.122
1107000 -229.37
1108000 -199.035
1109000 -62.6166
1110000 -286.303
1111000 -410.051
1112000 30.0309
1113000 -310.35
1114000 194.907
1115000 -249.078
1116000 117.947
1117000 358.926
1118000 -64.9587
1119000 -394.874
1120000 334.01
1121000 -58.2946
1122000 189.51
1123000 230.677
1124000 -256.325
1125000 185.535
1126000 381.55
1127000 -1.24722
1128000 471.851
1129000 317.422
1130000 -349.66
1131000 -140.145
1132000 163.665
1133000 117.495
1134000 52.5376
1135000 -149.925
1136000 -260.76
1137000 -118.951
1138000 -55.4419
1139000 -176.712
1140000 59.8396
1141000 401.474
1142000 -228.874
1143000 251.071
1144000 -253.378
1145000 93.8851
1146000 -353.12
1147000 5.30876
1148000 19.2288
1149000 157.046
1150000 -178.798
1151000 -227.538
1152000 126.565
1153000 -47.4309
1154000 157.522
1155000 -341.83
1156000 205.907
1157000 302.268
1158000 -263.553
1159000 -151.769
1160000 -2.53607
1161000 -85.4164
1162000 -274.033
1163000 16.584
1164000 225.811
1165000 172.576
1166000 -52.7152
1167000 -29.5716
1168000 444.666
1169000 -186.419
1170000 83.9682
1171000 286.081
1172000 -24.1585
1173000 60.3103
1174000 -153.216
1175000 -328.268
1176000 -3.51773
1177000 29.305
1178000 108.691
1179000 -511.924
1180000 57.3146
1181000 -184.368
1182000 -23.7957
1183000 129.834
1184000 -142.577
1185000 303.091
1186000 -72.4357
1187000 344.935
1188000 35.4028
1189000 231.848
1190000 -148.102
1191000 75.2199
1192000 10.5825
1193000 -119.863
1194000 202.726
1195000 -129.909
1196000 371.594
1197000 -26.3922
1198000 250.338
1199000 -106.155
1200000 317.119
1201000 251.079
1202000 -140.819
1203000 259.366
1204000 246.76
1205000 16.2816
1206000 25.6923
1207000 -233.816
1208000 -120.326
1209000 67.0463
1210000 29.7585
1211000 275.032
1212000 0.451077
1213000 -74.6867
1214000 -83.1849
1215000 389.772
1216000 156.75
1217000 28.1508
1218000 72.1138
1219000 -91.9125
1220000 -17.3772
1221000 -278.516
1222000 -109.181
1223000 69.477
1224000 -62.1808
1225000 -163.152
1226000 -24.0279
1227000 -13.5062
1228000 59.769
1229000 26.684
1230000 94.6259
1231000 170.32
1232000 -372.105
1233000 57.5043
1234000 -236.306
1235000 142.945
1236000 -47.6803
1237000 -127.618
1238000 -49.8709
1239000 -218.758
1240000 239.446
1241000 70.8706
1242000 -414.183
1243000 -94.953
1244000 53.4467
1245000 80.5121
1246000 -283.605
1247000 299.426
1248000 133.258
1249000 -158.876
1250000 -276.971
1251000 394.101
1252000 -304.511
1253000 -10.5077
1254000 -152.14
1255000 -34.84
1256000 246.107
1257000 -147.79
1258000 13.8989
1259000 -196.497
1260000 39.0791
1261000 -21.4596
1262000 506.244
1263000 -137.109
1264000 306.239
1265000 157.397
1266000 -160.26
1267000 9.09634
1268000 -161.754
1269000 -14.7763
1270000 250.268
1271000 -473.439
1272000 80.5731
1273000 -213.145
1274000 -34.0192
1275000 -426.417
1276000 -82.8344
1277000 113.876
1278000 -29.2508
1279000 -220.672
1280000 202.202
1281000 -231.768
1282000 187.497
1283000 -85.814
1284000 426.756
1285000 47.4601
1286000 377.448
1287000 242.36
1288000 -38.4361
1289000 -68.4459
1290000 446.664
1291000 -231.938
1292000 377.474
1293000 44.3121
1294000 -258.839
1295000 -23.1766
1296000 48.2109
1297000 197.231
1298000 109.431
1299000 179.991
1300000 -228.864
1301000 148.909
1302000 -137.088
1303000 -185.538
1304000 -10.7308
1305000 9.1088
1306000 -54.6998
1307000 -143.913
1308000 -30.0684
1309000 -27.0448
1310000 -54.7013
1311000 -234.884
1312000 503.206
1313000 -196.248
1314000 -97.1233
1315000 -89.8478
1316000 226.922
1317000 -232.685
1318000 -347.901
1319000 -230.178
1320000 55.5106
1321000 -136.768
1322000 407.659
1323000 -283.213
1324000 -166.73
1325000 -42.5075
1326000 -282.059
1327000 -302.013
1328000 132.876
1329000 -408.489
1330000 -23.0166
1331000 -79.6665
1332000 582.744
1333000 -327.019
1334000 -42.0365
1335000 -40.6745
1336000 307.39
1337000 -8.41217
1338000 238.032
1339000 329.519
1340000 -179.418
1341000 229.006
1342000 101.973
1343000 -91.737
1344000 107.177
1345000 -305.684
1346000 62.6372
1347000 65.1222
1348000 10.3382
1349000 181.754
1350000 -120.687
1351000 -120.845
1352000 539.115
1353000 72.7281
1354000 -312.867
1355000 236.069
1356000 -5.22482
1357000 -133.162
1358000 -13.2665
1359000 232.119
1360000 190.56
1361000 47.062
1362000 -74.3352
1363000 -34.3273
1364000 17.1319
1365000 148.872
1366000 -216.993
1367000 89.366
1368000 9.43767
1369000 23.4022
1370000 -539.232
1371000 212.761
1372000 -62.041
1373000 72.113
1374000 26.9058
1375000 -332.937
1376000 -124.325
1377000 -137.636
1378000 -144.948
1379000 -0.72756
1380000 -330.19
1381000 -191.852
1382000 74.8965
1383000 -296.56
1384000 -20.7926
1385000 10.7826
1386000 -311.141
1387000 390.935
1388000 -500.171
1389000 145.564
1390000 -193.496
1391000 51.5559
1392000 -183.07
1393000 15.3355
1394000 207.445
1395000 -42.0688
1396000 -147.284
1397000 -323.626
1398000 85.192
1399000 177.606
1400000 -150.922
1401000 -387.905
1402000 186.267
1403000 -40.7592
1404000 -202.274
1405000 138.025
1406000 247.403
1407000 74.2936
1408000 3.44329
1409000 43.1345
1410000 -128.103
1411000 -164.245
1412000 243.566
1413000 40.6795
1414000 238.257
1415000 -135.035
1416000 -389.849
1417000 449.435
1418000 42.1686
1419000 207.519
1420000 385.277
1421000 -114.374
1422000 39.1467
1423000 87.2711
1424000 -280.672
1425000 -319.558
1426000 -145.037
1427000 3.28205
1428000 387.535
1429000 -200.517
1430000 -353.348
1431000 211.647
1432000 60.0566
1433000 -36.8127
1434000 -68.8458
1435000 118.818
1436000 3.3946
1437000 79.3447
1438000 -227.272
1439000 -195.451
1440000 -95.2981
1441000 124.043
1442000 83.8523
1443000 365.261
1444000 -341.149
1445000 108.234
1446000 151.433
1447000 -123.288
1448000 -114.271
1449000 -164.622
1450000 183.756
1451000 -425.742
1452000 387.153
1453000 -200.038
1454000 -235.814
1455000 64.9516
1456000 149.652
1457000 217.444
1458000 -32.2701
1459000 -82.4506
1460000 -18.0764
1461000 76.7654
1462000 -193.218
1463000 159.19
1464000 569.311
1465000 -249.364
1466000 267.088
1467000 179.74
1468000 107.493
1469000 78.0768
1470000 -248.62
1471000 205.195
1472000 -234.398
1473000 273.83
1474000 94.9253
1475000 -212.266
1476000 -526.024
1477000 432.637
1478000 -297.547
1479000 -34.3476
1480000 -251.928
1481000 78.1086
1482000 242.267
1483000 227.272
1484000 -2.88513
1485000 -298.155
1486000 447.01
1487000 -223.244
1488000 138.064
1489000 68.626
1490000 25.3012
1491000 198.912
1492000 231.112
1493000 165.287
1494000 114.941
1495000 209.186
1496000 -103.455
1497000 -119.107
1498000 -428.658
1499000 -213.979
1500000 -45.2208
1501000 61.0558
1502000 -27.2513
1503000 127.095
1504000 24.2368
1505000 -236.709
1506000 164.215
1507000 -229.549
1508000 336.389
1509000 134.334
1510000 -32.4976
1511000 -87.3867
1512000 -195.118
1513000 -194.389
1514000 -55.9709
1515000 220.16
1516000 -112.491
1517000 -249.576
1518000 -39.2561
1519000 55.5512
1520000 62.9386
1521000 336.078
1522000 160.712
1523000 393.018
1524000 -197.566
1525000 333.479
1526000 -118.595
1527000 329.599
1528000 11.8311
1529000 -220.323
1530000 118.557
1531000 310.968
1532000 136.468
1533000 230.305
1534000 439.089
1535000 -84.8968
1536000 -316.518
1537000 -107.24
1538000 -12.3354
1539000 103.417
1540000 55.9891
1541000 179.993
1542000 -270.392
1543000 92.1047
1544000 -130.95
1545000 -66.8247
1546000 196.423
1547000 -144.476
1548000 -321.149
1549000 61.177
1550000 -96.1382
1551000 482.059
1552000 86.3062
1553000 535.334
1554000 -173.964
1555000 122.889
1556000 7.88139
1557000 -390.483
1558000 -118.295
1559000 -200.766
1560000 191.544
1561000 29.6747
1562000 186.384
1563000 248.873
1564000 68.7385
1565000 -154.253
1566000 -66.9077
1567000 -141.689
1568000 44.7202
1569000 -451.422
1570000 63.4018
1571000 -264.782
1572000 66.5512
1573000 142.62
1574000 91.4964
1575000 -81.7093
1576000 -238.921
1577000 51.309
1578000 111.295
1579000 187.345
1580000 183.8
1581000 42.1744
1582000 -293.856
1583000 487.669
1584000 -392.896
1585000 115.475
1586000 -199.613
1587000 409.385
1588000 -218.541
1589000 138.874
1590000 -1.48523
1591000 18.8787
1592000 106.266
1593000 68.2095
1594000 -178.361
1595000 49.2132
1596000 -257.383
1597000 293.929
1598000 388.076
1599000 182.171
1600000 -86.2675
1601000 -231.79
1602000 9.32218
1603000 -322.438
1604000 211.748
1605000 -127.475
1606000 -233.101
1607000 -168.612
1608000 213.385
1609000 84.3367
1610000 -269.169
1611000 282.399
1612000 426.759
1613000 -264.685
1614000 -150.278
1615000 -29.5186
1616000 -23.6898
1617000 -362.105
1618000 -115.801
1619000 -97.835
1620000 -91.6458
1621000 157.942
1622000 -131.744
1623000 59.6288
1624000 -62.4633
1625000 -407.637
1626000 308.925
1627000 -100.158
1628000 81.7383
1629000 253.374
1630000 355.358
1631000 -265.126
1632000 -292.274
1633000 -319.488
1634000 244.417
1635000 -95.9991
1636000 617.067
1637000 -36.0215
1638000 -126.976
1639000 -98.2693
1640000 255.729
1641000 -412.765
1642000 -107.542
1643000 -227.342
1644000 -20.9421
1645000 -551.115
1646000 -221.289
1647000 44.2544
1648000 191.435
1649000 562.74
1650000 -340.761
1651000 232.712
1652000 -33.4593
1653000 -182.083
1654000 5.13148
1655000 61.764
1656000 -64.7022
1657000 263.673
1658000 -311.907
1659000 -128.739
1660000 486.638
1661000 217.716
1662000 183.939
1663000 96.142
1664000 -548.189
1665000 -119.438
1666000 57.0086
1667000 -69.6933
1668000 78.3013
1669000 202.181
1670000 -54.5071
1671000 228.941
1672000 341.898
1673000 127.455
1674000 116.66
1675000 -17.8505
1676000 193.837
1677000 154.498
1678000 124.014
1679000 -232.811
1680000 277.608
1681000 75.6115
1682000 -33.5729
1683000 -30.0557
1684000 73.9512
1685000 51.2959
1686000 -176.244
1687000 336.632
1688000 -33.3936
1689000 -404.881
1690000 104.374
1691000 150.484
1692000 -186.506
1693000 25.3592
1694000 -104.329
1695000 -173.946
1696000 202.929
1697000 40.0462
1698000 -205.613
1699000 217.249
1700000 -297.268
1701000 102.228
1702000 253.883
1703000 126.228
1704000 -152.506
1705000 217.836
1706000 -310.988
1707000 147.268
1708000 -8.4295
1709000 315.344
1710000 -135.165
1711000 46.0056
1712000 -95.6039
1713000 99.8135
1714000 -167.566
1715000 261.971
1716000 -251.732
1717000 60.9891
1718000 -152.673
1719000 254.318
1720000 231.905
1721000 307.175
1722000 -60.3729
1723000 217.584
1724000 -165.109
1725000 -104.009
1726000 25.4583
1727000 242.938
1728000 50.8144
1729000 -264.526
1730000 602.231
1731000 -307.559
1732000 182.789
1733000 -21.0428
1734000 9.08188
1735000 156.13
1736000 20.9857
1737000 61.7441
1738000 23.1748
1739000 -65.0256
1740000 -24.7725
1741000 120.151
1742000 -316.947
1743000 237.255
1744000 -159.982
1745000 527.666
1746000 -287.652
1747000 -108.977
1748000 -24.5341
1749000 221.363
1750000 -11.9173
1751000 -83.8578
1752000 -494.251
1753000 313.625
1754000 282.926
1755000 -193.767
1756000 -30.2283
1757000 288.812
1758000 -20.0553
1759000 -168.842
1760000 257.715
1761000 331.736
1762000 -174.435
1763000 -143.126
1764000 -106.47
1765000 182.534
1766000 158.253
1767000 140.463
1768000 290.486
1769000 -32.6074
1770000 -97.3038
1771000 -117.648
1772000 -52.931
1773000 300.867
1774000 25.4061
1775000 348.757
1776000 -13.3827
1777000 -73.487
1778000 588.566
1779000 -351.358
1780000 219.369
1781000 87.05
1782000 -112.112
1783000 178.544
1784000 305.498
1785000 211.861
1786000 62.5072
1787000 -357.8
1788000 332.22
1789000 -105.717
1790000 328.45
1791000 -76.8191
1792000 -7.02514
1793000 -121.235
1794000 133.066
1795000 328.961
1796000 -44.1377
1797000 -138.907
1798000 -5.66754
1799000 348.989
1800000 142.955
1801000 -118.382
1802000 152.886
1803000 -127.051
1804000 -277.77
1805000 160.148
1806000 60.0656
1807000 115.624
1808000 104.727
1809000 66.8812
1810000 72.273
1811000 307.628
1812000 -435.211
1813000 59.971
1814000 -197.676
1815000 39.1478
1816000 44.7265
1817000 113.178
1818000 149.468
1819000 8.07253
1820000 158.581
1821000 -99.6891
1822000 -231.612
1823000 134.379
1824000 88.5904
1825000 -103.951
1826000 20.7626
1827000 216.167
1828000 -32.41
1829000 17.166
1830000 45.8981
1831000 -468.967
1832000 -81.7664
1833000 149.185
1834000 208.33
1835000 -336.316
1836000 97.9233
1837000 -82.3544
1838000 23.1172
1839000 -363.711
1840000 256.729
1841000 295.532
1842000 -220.611
1843000 -43.6033
1844000 -465.956
1845000 49.7708
1846000 18.942
1847000 390.682
1848000 -198.119
1849000 130.782
1850000 138.466
1851000 -19.7796
1852000 293.634
1853000 -62.7848
1854000 91.0554
1855000 43.4832
1856000 220.992
1857000 89.7042
1858000 -116.112
1859000 -47.5424
1860000 -173.786
1861000 -224.308
1862000 57.2461
1863000 -422.669
1864000 107.015
1865000 172.767
1866000 -103.487
1867000 159.642
1868000 -103.799
1869000 -298.802
1870000 -48.6291
1871000 131.173
1872000 -8.20485
1873000 150.097
1874000 143.496
1875000 136.394
1876000 208.48
1877000 273.921
1878000 -126.217
1879000 -73.4251
1880000 63.3676
1881000 205.344
1882000 -113.706
1883000 75.3488
1884000 287.237
1885000 143.612
1886000 32.6597
1887000 -262.884
1888000 -159.304
1889000 360.684
1890000 7.27616
1891000 -113.398
1892000 -523.413
1893000 -254.037
1894000 -272.948
1895000 -203.828
1896000 533.306
1897000 80.4142
1898000 532.105
1899000 -32.9183
1900000 -35.322
1901000 -199.691
1902000 -82.2424
1903000 49.3954
1904000 9.36066
1905000 108.032
1906000 16.1354
1907000 64.3235
1908000 -213.521
1909000 -42.9332
1910000 12.212
1911000 -64.2617
1912000 157.013
1913000 313.161
1914000 19.0043
1915000 -183.187
1916000 85.3767
1917000 -428.885
1918000 228.012
1919000 -71.6522
1920000 462.655
1921000 -40.0772
1922000 -26.0282
1923000 -1.32352
1924000 -42.0673
1925000 -12.1806
1926000 64.6299
1927000 -243.284
1928000 -12.8305
1929000 -125.944
1930000 -79.2541
1931000 -377.109
1932000 -26.1363
1933000 244.893
1934000 57.7918
1935000 -301.331
1936000 266.379
1937000 -337.527
1938000 49.7145
1939000 -107.465
1940000 294.675
1941000 134.533
1942000 -175.55
1943000 81.6114
1944000 -119.878
1945000 137.252
1946000 -239.388
1947000 -241.719
1948000 226.522
1949000 18.2547
1950000 -305.097
1951000 -100.121
1952000 47.9815
1953000 228.325
1954000 67.9138
1955000 128.785
1956000 131.779
1957000 329.112
1958000 95.4874
1959000 -104.509
1960000 -36.9627
1961000 70.294
1962000 94.1458
1963000 -108.364
1964000 -111.422
1965000 285.135
1966000 -125.626
1967000 14.4488
1968000 92.1977
1969000 94.4545
1970000 -378.479
1971000 53.3457
1972000 -305.085
1973000 205.444
1974000 32.132
1975000 -320.603
1976000 332.888
1977000 -28.4484
1978000 -35.1075
1979000 -114.454
1980000 15.9287
1981000 94.8566
1982000 -35.357
1983000 -71.7988
1984000 309.796
1985000 -454.896
1986000 -196.283
1987000 -49.6462
1988000 138.4
1989000 -73.4832
1990000 141.245
1991000 191.648
1992000 79.2426
1993000 17.1475
1994000 -333.614
1995000 -301.963
1996000 24.5652
1997000 -326.945
1998000 -42.5761
1999000 -250.678
2000000 12.7583
