# Time-averaged data for fix myat3
# TimeStep v_mypress
1000 33.121
2000 -37.0245
3000 152.307
4000 95.8305
5000 -116.478
6000 -263.266
7000 -123.776
8000 -379.419
9000 -411.616
10000 53.2475
11000 315.794
12000 -14.8374
13000 -197.477
14000 -24.6332
15000 -26.988
16000 -58.5415
17000 -293.402
18000 -230.791
19000 -250.525
20000 69.472
21000 320.469
22000 384.027
23000 -35.7527
24000 164.184
25000 -33.5746
26000 -197.408
27000 -127.399
28000 -347.017
29000 31.9991
30000 -238.219
31000 28.013
32000 14.8276
33000 -96.4325
34000 -118.407
35000 65.6164
36000 0.444849
37000 112.508
38000 117.699
39000 409.319
40000 245.017
41000 436.074
42000 320.81
43000 347.487
44000 -375.918
45000 -183.922
46000 -496.416
47000 -54.8572
48000 -201.063
49000 -103.95
50000 43.2067
51000 147.286
52000 -171.882
53000 -236.229
54000 118.523
55000 -238.138
56000 -126.073
57000 -99.8598
58000 -94.6068
59000 155.312
60000 238.745
61000 -33.7327
62000 -437.303
63000 476.049
64000 301.61
65000 -393.866
66000 90.8883
67000 -86.7752
68000 -27.871
69000 -430.24
70000 -71.0185
71000 17.8485
72000 72.4895
73000 143.499
74000 144.394
75000 36.6964
76000 248.452
77000 18.9414
78000 -230.297
79000 -88.5404
80000 243.889
81000 -43.7543
82000 234.272
83000 -247.379
84000 -104.404
85000 -13.9956
86000 220.779
87000 307.386
88000 205.124
89000 343.441
90000 -48.9708
91000 52.7388
92000 -113.661
93000 75.6141
94000 -281.509
95000 -76.62
96000 93.3943
97000 -126.332
98000 140.168
99000 189.575
100000 -194.009
101000 -73.1229
102000 628.281
103000 134.949
104000 -93.9873
105000 31.0845
106000 263.082
107000 -29.0263
108000 -15.111
109000 -12.8532
110000 -42.3995
111000 -336.599
112000 198.033
113000 332.577
114000 193.401
115000 -99.887
116000 -59.7586
117000 137.567
118000 -87.2672
119000 295.011
120000 -439.251
121000 -68.7394
122000 150.076
123000 -150.545
124000 241.189
125000 -135.291
126000 228.568
127000 -5.84235
128000 89.6142
129000 -40.4099
130000 -408.422
131000 -121.293
132000 24.6052
133000 -147.98
134000 2.2085
135000 110.377
136000 -411.823
137000 242.165
138000 -39.1611
139000 -284.828
140000 76.7368
141000 317.113
142000 -132.942
143000 13.9288
144000 174.669
145000 39.802
146000 234.868
147000 432.693
148000 -250.126
149000 84.2826
150000 -108.292
151000 113.166
152000 178.249
153000 86.4816
154000 73.5982
155000 -158.189
156000 -143.064
157000 54.1435
158000 -2.56864
159000 -256.231
160000 145.12
161000 -418.074
162000 -127.779
163000 -11.3693
164000 -322.081
165000 130.48
166000 -338.372
167000 -97.7873
168000 -0.434695
169000 -260.497
170000 47.7502
171000 442.828
172000 -145.795
173000 621.848
174000 -243.877
175000 148.999
176000 -120.78
177000 -399.447
178000 -163.331
179000 -144.114
180000 138.664
181000 -517.484
182000 -416.132
183000 -170.423
184000 216.233
185000 235.524
186000 400.8
187000 -147.077
188000 99.8249
189000 47.6642
190000 -358.1
191000 -297.127
192000 -234.442
193000 322.475
194000 -93.1629
195000 418.856
196000 -36.3602
197000 76.9159
198000 -94.2422
199000 -419.134
200000 -211.122
201000 -154.122
202000 415.051
203000 136.941
204000 -28.605
205000 1.51494
206000 -76.5145
207000 -105.298
208000 -48.3042
209000 73.2503
210000 -544.674
211000 -379.384
212000 -265.663
213000 70.0355
214000 72.6716
215000 440.521
216000 356.459
217000 358.872
218000 112.57
219000 149.09
220000 99.6965
221000 -286.652
222000 181.283
223000 -175.189
224000 -84.6142
225000 -41.6409
226000 129.013
227000 -468.144
228000 -24.0196
229000 -226.9
230000 59.8035
231000 297.519
232000 -412.834
233000 135.869
234000 -261.36
235000 -7.80708
236000 54.6073
237000 -168.047
238000 -50.1655
239000 92.4435
240000 170.529
241000 227.193
242000 112.307
243000 311.267
244000 116.084
245000 411.679
246000 -231.355
247000 72.9153
248000 203.63
249000 -271.3
250000 142.513
251000 481.347
252000 103.221
253000 300.202
254000 300.221
255000 268.259
256000 147.145
257000 -116.911
258000 -22.356
259000 81.1462
260000 8.28453
261000 195.407
262000 508.716
263000 231.637
264000 -114.115
265000 -16.4538
266000 561.69
267000 -53.8145
268000 250.478
269000 56.4165
270000 -323.423
271000 30.1019
272000 251.446
273000 307.67
274000 -233.161
275000 120.568
276000 43.3394
277000 -56.8054
278000 -13.0708
279000 125.221
280000 -160.63
281000 134.237
282000 164.403
283000 -379.1
284000 80.0718
285000 -582.093
286000 106.365
287000 -157.266
288000 51.5731
289000 146.628
290000 -193.396
291000 227.933
292000 52.9966
293000 -227.796
294000 -262.046
295000 140.425
296000 -422.378
297000 -125.872
298000 505.26
299000 9.10784
300000 12.4792
301000 -101.496
302000 123.651
303000 -321.152
304000 -42.6628
305000 -342.122
306000 249.761
307000 178.36
308000 332.698
309000 -146.374
310000 117.639
311000 -91.9713
312000 476.904
313000 560.456
314000 -110.431
315000 299.099
316000 -23.4112
317000 160.636
318000 -141.212
319000 212.43
320000 -13.385
321000 23.3374
322000 -137.913
323000 -352.427
324000 178.201
325000 166.578
326000 -135.345
327000 112.93
328000 -487.557
329000 -444.011
330000 -204.258
331000 305.868
332000 -321.437
333000 298.037
334000 23.3169
335000 -394.439
336000 92.4009
337000 370.659
338000 114.864
339000 14.3774
340000 244.671
341000 -138.641
342000 -685.981
343000 -595.867
344000 87.9482
345000 67.9723
346000 202.816
347000 -300.202
348000 -166.973
349000 -304.051
350000 -278.21
351000 55.0623
352000 -285.177
353000 48.8692
354000 425.452
355000 299.444
356000 -81.4188
357000 287.262
358000 -322.47
359000 -301.977
360000 407.555
361000 -108.671
362000 -13.3104
363000 -474.232
364000 178.116
365000 -323.084
366000 -98.2697
367000 242.778
368000 415.472
369000 -132.082
370000 313.382
371000 -50.2715
372000 -172.28
373000 137.996
374000 137.228
375000 -63.2862
376000 519.759
377000 -595.573
378000 -45.7761
379000 122.744
380000 -148.641
381000 263.12
382000 -36.0823
383000 -184.966
384000 -197.856
385000 14.8502
386000 -34.6417
387000 5.80357
388000 -496.972
389000 6.21146
390000 -255.611
391000 -85.9373
392000 115.132
393000 399.103
394000 -230.439
395000 -196.805
396000 -136.307
397000 -94.3036
398000 24.035
399000 -204.197
400000 169.316
401000 190.632
402000 194.831
403000 285.42
404000 207.286
405000 69.0344
406000 -59.2289
407000 -5.77422
408000 108.486
409000 238.352
410000 157.059
411000 -180.453
412000 215.584
413000 253.997
414000 -42.1181
415000 -80.4265
416000 -102.206
417000 66.283
418000 -208.843
419000 -546.419
420000 88.7012
421000 -193.968
422000 -221.537
423000 -11.1805
424000 38.1628
425000 -2.83565
426000 258.804
427000 42.8772
428000 287.682
429000 -301.266
430000 -164.635
431000 -135.844
432000 -44.3141
433000 257.638
434000 -433.653
435000 -11.3649
436000 265.665
437000 -171.278
438000 -7.4292
439000 77.7258
440000 298.987
441000 349.202
442000 -172.214
443000 -199.196
444000 -30
445000 88.8103
446000 101.596
447000 213.95
448000 -420.034
449000 443.608
450000 -112.821
451000 234.855
452000 -97.2509
453000 -86.6913
454000 59.3279
455000 359.197
456000 356.877
457000 245.02
458000 88.9872
459000 -51.0456
460000 -255.968
461000 244.539
462000 -241.327
463000 208.223
464000 -286.48
465000 -208.246
466000 273.17
467000 191.123
468000 12.1676
469000 -38.784
470000 -107.747
471000 292.239
472000 37.9032
473000 190.178
474000 -9.32478
475000 -237.746
476000 -34.3517
477000 -135.685
478000 112.238
479000 -420.905
480000 -127.705
481000 -162.39
482000 -98.5202
483000 -160.914
484000 -122.947
485000 -51.9934
486000 -118.574
487000 -440.482
488000 68.9016
489000 -103.566
490000 62.6077
491000 -283.641
492000 151.235
493000 -23.0572
494000 -1.98919
495000 -67.0081
496000 174.267
497000 1.73549
498000 237.694
499000 -357.886
500000 197.888
501000 -275.625
502000 -395.777
503000 150.518
504000 172.38
505000 -54.9937
506000 -51.8377
507000 23.5577
508000 23.478
509000 131.086
510000 64.2686
511000 281.869
512000 -265.707
513000 -239.011
514000 -331.093
515000 -207.583
516000 139.834
517000 54.4016
518000 221.272
519000 187.898
520000 95.4168
521000 -74.2087
522000 -94.7158
523000 384.842
524000 33.8405
525000 -141.379
526000 301.305
527000 -92.7045
528000 -5.39773
529000 -52.6534
530000 -134.486
531000 -66.0147
532000 -37.2755
533000 -99.3503
534000 -144.873
535000 -263.437
536000 -180.537
537000 -174.98
538000 -282.448
539000 48.5475
540000 2.91706
541000 -16.2352
542000 -264.032
543000 356.109
544000 117.821
545000 325.698
546000 177.859
547000 -195.998
548000 42.3045
549000 -14.7867
550000 263.952
551000 353.381
552000 -446.38
553000 -40.1753
554000 -281.379
555000 -114.543
556000 -118.718
557000 -38.3471
558000 324.721
559000 -201.576
560000 -292.395
561000 338.859
562000 140.578
563000 -7.88393
564000 -281.709
565000 211.15
566000 -182.054
567000 104.578
568000 73.2568
569000 -45.0276
570000 -409.891
571000 22.0857
572000 -188.593
573000 -106.384
574000 -28.1908
575000 54.2792
576000 44.7567
577000 127.749
578000 53.1659
579000 -334.681
580000 -149.044
581000 259.093
582000 -465.35
583000 -285.697
584000 -99.4349
585000 21.37
586000 65.5088
587000 17.7359
588000 34.8659
589000 58.5705
590000 -191.272
591000 -373.65
592000 128.247
593000 -61.3185
594000 56.4471
595000 -131.051
596000 -86.9149
597000 -330.32
598000 352.142
599000 337.754
600000 72.464
601000 -451.293
602000 11.9723
603000 56.7983
604000 -211.371
605000 -98.5865
606000 403.087
607000 -20.7572
608000 108.625
609000 -21.4732
610000 -478.525
611000 -349.218
612000 -262.346
613000 -66.559
614000 246.879
615000 173.527
616000 39.5713
617000 -106.638
618000 183.726
619000 -34.8255
620000 -143.779
621000 -153.971
622000 -6.57356
623000 5.65819
624000 -93.7532
625000 267.47
626000 39.688
627000 -159.558
628000 257.554
629000 97.7403
630000 -4.99194
631000 -147.482
632000 271.929
633000 -89.6756
634000 58.7642
635000 -256.873
636000 -38.0195
637000 -325.524
638000 -197.919
639000 -65.3454
640000 -1.06716
641000 247.928
642000 -560.634
643000 292.749
644000 236.387
645000 164.648
646000 94.4314
647000 -274.859
648000 -591.915
649000 -71.8382
650000 -176.213
651000 -257.896
652000 -74.5348
653000 -8.96835
654000 47.2661
655000 -387.886
656000 68.7715
657000 -486.064
658000 99.9228
659000 206.976
660000 180.973
661000 340.356
662000 -28.3144
663000 -63.9788
664000 6.96405
665000 -140.401
666000 -58.7056
667000 117.03
668000 125.601
669000 158.137
670000 -168.782
671000 -23.4224
672000 -166.613
673000 -94.7323
674000 -82.7292
675000 92.1669
676000 -384.006
677000 -326.894
678000 -149.247
679000 0.860213
680000 -332.286
681000 -113.458
682000 -71.4161
683000 -76.6142
684000 -98.1101
685000 -44.5913
686000 -129.996
687000 36.1735
688000 -109.992
689000 -84.2995
690000 -127.078
691000 -206.524
692000 169.188
693000 -266.158
694000 -41.7167
695000 -313.191
696000 184.273
697000 150.64
698000 114.564
699000 -143.734
700000 149.193
701000 -171.565
702000 -131.592
703000 -17.2508
704000 81.3689
705000 -110.704
706000 155.643
707000 174.344
708000 -44.1052
709000 46.058
710000 -169.736
711000 20.9496
712000 381.65
713000 -104.444
714000 165.259
715000 -39.0201
716000 352.311
717000 -100.866
718000 -79.4831
719000 -12.4554
720000 191.221
721000 -54.4461
722000 -65.6219
723000 443.237
724000 -62.4256
725000 274.216
726000 -234.997
727000 -169.696
728000 25.0919
729000 -209.674
730000 -23.7331
731000 58.4889
732000 -128.962
733000 -212.557
734000 -191.523
735000 -208.098
736000 170.115
737000 -81.5705
738000 -162.511
739000 282.677
740000 -103.099
741000 -217.015
742000 -144.219
743000 -53.4924
744000 156.117
745000 174.539
746000 -388.4
747000 -118.138
748000 -222.318
749000 117.866
750000 89.2797
751000 55.1462
752000 182.014
753000 -79.3969
754000 -100.606
755000 563.931
756000 -116.812
757000 -226.707
758000 -158.222
759000 62.7236
760000 525.279
761000 -148.593
762000 237.72
763000 -24.4227
764000 86.2314
765000 -146.413
766000 -206.749
767000 19.508
768000 -163.43
769000 -547.093
770000 -369.032
771000 94.7444
772000 -50.6334
773000 -262.337
774000 -51.6816
775000 165.857
776000 -134.014
777000 -144.06
778000 51.7099
779000 -142.532
780000 -80.7276
781000 252.413
782000 -357.359
783000 -32.6689
784000 -99.9569
785000 166.466
786000 -21.0593
787000 -337.988
788000 196.088
789000 397.994
790000 132.742
791000 -64.2176
792000 -529.022
793000 208.8
794000 391.67
795000 4.99179
796000 252.502
797000 190.373
798000 326.182
799000 246.68
800000 154.047
801000 101.132
802000 180.413
803000 420.771
804000 -392.622
805000 115.675
806000 58.4682
807000 401.679
808000 100.433
809000 -364.81
810000 -212.639
811000 160.509
812000 -76.6615
813000 -4.59256
814000 283.508
815000 -171.875
816000 339.609
817000 237.223
818000 54.0815
819000 287.334
820000 59.7739
821000 15.6692
822000 99.5356
823000 113.428
824000 -172.071
825000 182.49
826000 -20.6271
827000 -148.641
828000 -111.34
829000 -167.366
830000 12.5768
831000 -184.877
832000 -255.9
833000 -215.856
834000 179.039
835000 -84.0797
836000 223.849
837000 -207.139
838000 -227.731
839000 -252.123
840000 -101.676
841000 -345.616
842000 -52.8835
843000 415.182
844000 -268.101
845000 123.031
846000 491.178
847000 137.335
848000 -204.303
849000 284.454
850000 -87.9723
851000 -191.745
852000 129.345
853000 447.358
854000 -77.119
855000 170.694
856000 340.209
857000 100.053
858000 -256.587
859000 -34.1443
860000 -326.582
861000 -5.91846
862000 36.958
863000 330.187
864000 -213.826
865000 -113.575
866000 -73.8112
867000 240.834
868000 -296.12
869000 -224.337
870000 -362.738
871000 82.4849
872000 -198.499
873000 177.29
874000 -136.451
875000 -390.88
876000 55.386
877000 -7.46002
878000 73.8282
879000 308.918
880000 -23.4739
881000 -410.502
882000 -225.073
883000 77.5467
884000 -34.0746
885000 -7.26037
886000 -351.238
887000 -181.672
888000 -172.089
889000 -257.612
890000 30.5288
891000 -15.8087
892000 -201.975
893000 -186.223
894000 156.332
895000 31.6044
896000 -230.517
897000 299.004
898000 145.159
899000 -78.6135
900000 637.412
901000 -153.543
902000 214.764
903000 -201.296
904000 -84.0022
905000 -197.326
906000 160.211
907000 -24.2521
908000 55.2842
909000 -118.889
910000 4.44875
911000 113.315
912000 50.2243
913000 261.699
914000 -6.70535
915000 21.138
916000 -23.4821
917000 149.31
918000 108.815
919000 69.2403
920000 22.5409
921000 -150.402
922000 -291.826
923000 -252.796
924000 279.107
925000 9.13177
926000 315.431
927000 -83.8532
928000 -149.91
929000 -82.3107
930000 -309.882
931000 421.257
932000 24.4847
933000 472.755
934000 -94.9132
935000 186.534
936000 111.381
937000 -431.636
938000 -18.3687
939000 276.295
940000 49.9475
941000 504.064
942000 235.283
943000 17.5768
944000 162.325
945000 -69.7162
946000 218.303
947000 326.82
948000 166.313
949000 275.913
950000 225.654
951000 418.399
952000 -157.268
953000 -385.016
954000 -521.973
955000 -1.67301
956000 -10.6586
957000 -238.88
958000 -369.67
959000 -53.6288
960000 281.969
961000 251.832
962000 -0.70247
963000 -241.154
964000 -87.9199
965000 -11.5358
966000 299.271
967000 377.24
968000 -119.629
969000 -73.0399
970000 -111.951
971000 68.6375
972000 -264.663
973000 -0.592827
974000 -400.128
975000 -513.067
976000 -96.9364
977000 329.325
978000 418.585
979000 -195.583
980000 440.637
981000 89.58
982000 -107.503
983000 -136.695
984000 -72.5569
985000 -158.677
986000 139.064
987000 195.453
988000 -283.732
989000 149.013
990000 379.131
991000 426.799
992000 -162.881
993000 219.528
994000 419.319
995000 -225.038
996000 -97.3996
997000 -119.742
998000 -73.0797
999000 214.093
1000000 -63.1545
1001000 74.2953
1002000 -107.394
1003000 72.1213
1004000 -58.2751
1005000 -301.162
1006000 -384.056
1007000 -159.882
1008000 -295.339
1009000 52.5034
1010000 -190.762
1011000 -11.3628
1012000 78.4392
1013000 273.379
1014000 -37.3643
1015000 -250.22
1016000 -198.379
1017000 -128.37
1018000 254.714
1019000 -271.305
1020000 167.079
1021000 -33.374
1022000 24.0652
1023000 -243.505
1024000 -436.77
1025000 -106.175
1026000 -181.699
1027000 117.074
1028000 -71.0901
1029000 -270.586
1030000 247.165
1031000 -79.0566
1032000 6.99094
1033000 -132.022
1034000 63.2103
1035000 151.811
1036000 462.477
1037000 -130.285
1038000 -103.257
1039000 -332.9
1040000 57.088
1041000 -426.999
1042000 103.533
1043000 -116.107
1044000 -172.213
1045000 -7.99938
1046000 24.193
1047000 -116.446
1048000 -114.249
1049000 -32.2801
1050000 -329.361
1051000 -5.25792
1052000 58.6497
1053000 21.4003
1054000 -427.778
1055000 -210.489
1056000 -77.9988
1057000 -389.899
1058000 -167.076
1059000 -336.127
1060000 -180.423
1061000 107.748
1062000 14.4286
1063000 -44.9538
1064000 333.03
1065000 183.183
1066000 14.2054
1067000 -126.224
1068000 203.101
1069000 286.195
1070000 363.795
1071000 246.412
1072000 -117.453
1073000 -147.71
1074000 -322.486
1075000 -227.508
1076000 -140.709
1077000 -467.017
1078000 -298.141
1079000 15.0094
1080000 255.146
1081000 -331.31
1082000 7.41041
1083000 -117.653
1084000 74.9468
1085000 556.605
1086000 -158.861
1087000 107.679
1088000 -350.27
1089000 -91.2734
1090000 532.635
1091000 -9.91175
1092000 -272.814
1093000 -204.003
1094000 -140.629
1095000 238.951
1096000 -224.559
1097000 39.7904
1098000 -519.592
1099000 187.348
1100000 -200.302
1101000 -81.512
1102000 -371.953
1103000 -485.525
1104000 -70.3948
1105000 273.935
1106000 609.236
1107000 -267.302
1108000 -9.42675
1109000 -28.4834
1110000 340.844
1111000 472.894
1112000 -122.428
1113000 281.499
1114000 119.409
1115000 -128.553
1116000 -383.088
1117000 -147.739
1118000 221.53
1119000 -186.217
1120000 138.094
1121000 147.754
1122000 -644.18
1123000 -174.878
1124000 749.013
1125000 -89.1703
1126000 -357.538
1127000 -0.672656
1128000 77.2935
1129000 401.791
1130000 -167.024
1131000 92.1217
1132000 -55.2315
1133000 257.8
1134000 -202.63
1135000 -82.3874
1136000 -290.58
1137000 160.309
1138000 131.152
1139000 125.616
1140000 -297.173
1141000 -75.6542
1142000 -176.558
1143000 -83.7634
1144000 42.5013
1145000 -62.3486
1146000 -380.742
1147000 101.596
1148000 11.6269
1149000 -80.3147
1150000 -265.353
1151000 124.633
1152000 22.2941
1153000 277.434
1154000 -214.691
1155000 304.909
1156000 -160.314
1157000 366.389
1158000 3.21741
1159000 -236.389
1160000 8.58383
1161000 102.403
1162000 -102.84
1163000 414.634
1164000 313.268
1165000 -101.253
1166000 238.019
1167000 119.565
1168000 -272.971
1169000 361.397
1170000 396.496
1171000 -200.319
1172000 362.984
1173000 375.369
1174000 -37.088
1175000 26.001
1176000 80.6183
1177000 403.657
1178000 302.455
1179000 -137.954
1180000 178.799
1181000 128.614
1182000 79.8245
1183000 250.186
1184000 -121.678
1185000 165.693
1186000 -55.4302
1187000 158.552
1188000 222.135
1189000 77.8933
1190000 300.398
1191000 -323.719
1192000 -315.906
1193000 119.154
1194000 63.9806
1195000 -68.4911
1196000 77.3169
1197000 87.2509
1198000 21.6384
1199000 -56.0393
1200000 -320.529
1201000 -28.8002
1202000 -222.522
1203000 58.6752
1204000 -235.37
1205000 -329.176
1206000 302.635
1207000 -93.404
1208000 22.1838
1209000 44.4545
1210000 350.331
1211000 220.306
1212000 94.3426
1213000 -1.60342
1214000 -29.1758
1215000 46.4761
1216000 33.1123
1217000 235.31
1218000 -132.587
1219000 -219.128
1220000 173.76
1221000 -157.033
1222000 74.0782
1223000 52.2233
1224000 158.827
1225000 177.675
1226000 233.41
1227000 -21.8232
1228000 -320.899
1229000 -98.6646
1230000 -308.045
1231000 -234.005
1232000 -192.742
1233000 -249.613
1234000 199.817
1235000 -270.659
1236000 -69.8854
1237000 -38.6018
1238000 402.381
1239000 -365.276
1240000 -106.517
1241000 238.662
1242000 70.4356
1243000 -42.4457
1244000 50.4026
1245000 179.541
1246000 613.782
1247000 246.172
1248000 155.001
1249000 76.6195
1250000 -481.865
1251000 -425.181
1252000 -108.349
1253000 27.9931
1254000 -88.1212
1255000 -151.484
1256000 76.5584
1257000 -148.163
1258000 446.365
1259000 -125.447
1260000 103.288
1261000 -146.076
1262000 -156.902
1263000 -110.396
1264000 126.801
1265000 791.439
1266000 287.955
1267000 86.594
1268000 60.5542
1269000 336.766
1270000 -222.643
1271000 -58.2662
1272000 -96.2203
1273000 -40.3076
1274000 -0.758373
1275000 -60.4754
1276000 57.741
1277000 -492.605
1278000 -98.039
1279000 228.482
1280000 460.835
1281000 101.062
1282000 -13.1691
1283000 6.74432
1284000 477.054
1285000 228.888
1286000 14.2108
1287000 -154.794
1288000 -136.277
1289000 126.953
1290000 210.66
1291000 26.3152
1292000 71.1005
1293000 199.601
1294000 -130.872
1295000 -145.056
1296000 -132.972
1297000 61.0605
1298000 409.627
1299000 -184.234
1300000 -63.5283
1301000 90.3852
1302000 -638.667
1303000 -54.4068
1304000 -146.439
1305000 449.659
1306000 -66.9196
1307000 92.9845
1308000 71.8075
1309000 86.369
1310000 308.274
1311000 365.954
1312000 49.159
1313000 246.251
1314000 351.948
1315000 42.3733
1316000 -65.4629
1317000 -287.471
1318000 -417.307
1319000 70.8572
1320000 45.841
1321000 -287.734
1322000 149.885
1323000 -84.4155
1324000 302.072
1325000 387.164
1326000 105.216
1327000 -35.3003
1328000 85.1306
1329000 163.115
1330000 -336.637
1331000 -114.264
1332000 -154.885
1333000 315.55
1334000 -344.177
1335000 -29.9553
1336000 -228.221
1337000 -321.722
1338000 -295.459
1339000 81.7861
1340000 -91.9259
1341000 -78.5289
1342000 -229.411
1343000 45.2712
1344000 318.261
1345000 275.968
1346000 -33.727
1347000 143.281
1348000 -125.427
1349000 -9.01479
1350000 97.8989
1351000 308.114
1352000 80.2387
1353000 -30.2358
1354000 -197.645
1355000 65.0761
1356000 38.696
1357000 -480.622
1358000 18.2378
1359000 -47.8621
1360000 -102.441
1361000 -301.319
1362000 -117.715
1363000 119.949
1364000 0.331005
1365000 158.732
1366000 324.743
1367000 -263.765
1368000 -109.056
1369000 345.602
1370000 266.744
1371000 98.9791
1372000 55.2566
1373000 56.3754
1374000 162.45
1375000 -125.301
1376000 6.96369
1377000 -449.323
1378000 -143.681
1379000 70.293
1380000 64.6109
1381000 253.887
1382000 -58.7296
1383000 -114.692
1384000 -171.569
1385000 184.329
1386000 -114.936
1387000 159.348
1388000 204.732
1389000 57.0494
1390000 138.58
1391000 170.046
1392000 280.84
1393000 -309.693
1394000 7.20088
1395000 272.426
1396000 -344.179
1397000 -135.753
1398000 -82.5383
1399000 196.676
1400000 -99.6539
1401000 407.194
1402000 367.757
1403000 -67.7493
1404000 -179.769
1405000 -89.6168
1406000 91.1218
1407000 -224.041
1408000 -28.7131
1409000 -787.78
1410000 -304.004
1411000 -246.406
1412000 76.2458
1413000 -357.47
1414000 -93.361
1415000 -53.1186
1416000 -106.502
1417000 -182.57
1418000 183.267
1419000 -24.4676
1420000 -131.004
1421000 -125.541
1422000 95.4274
1423000 350.457
1424000 200.135
1425000 -155.692
1426000 171.756
1427000 -162.782
1428000 154.786
1429000 -287.398
1430000 501.949
1431000 169.774
1432000 213.397
1433000 74.1949
1434000 52.035
1435000 -103.76
1436000 -58.2726
1437000 -71.1577
1438000 46.1031
1439000 -21.4068
1440000 -353.046
1441000 -335.162
1442000 160.195
1443000 197.521
1444000 99.8026
1445000 -120.158
1446000 240.155
1447000 -119.481
1448000 16.1275
1449000 -191.408
1450000 -205.139
1451000 -383.131
1452000 -459.641
1453000 12.9146
1454000 390.512
1455000 59.6724
1456000 243.442
1457000 71.187
1458000 -54.6862
1459000 -351.399
1460000 50.7291
1461000 -101.746
1462000 -77.6164
1463000 -109.889
1464000 -150.513
1465000 91.2501
1466000 -297.376
1467000 -299.834
1468000 -49.9091
1469000 -89.0008
1470000 213.352
1471000 154.312
1472000 93.2646
1473000 -107.169
1474000 -337.811
1475000 -140.974
1476000 -184.684
1477000 -378.989
1478000 -450.928
1479000 -49.0078
1480000 28.5841
1481000 146.426
1482000 -120.198
1483000 234.859
1484000 518.758
1485000 -507.404
1486000 383.056
1487000 140.517
1488000 -361.869
1489000 -218.431
1490000 -135.371
1491000 -240.21
1492000 284.116
1493000 155.205
1494000 164.668
1495000 337.293
1496000 105.037
1497000 -428.791
1498000 155.797
1499000 56.6
1500000 133.419
1501000 21.9509
1502000 -296.69
1503000 91.9345
1504000 -108.226
1505000 136.706
1506000 -223.383
1507000 1.96637
1508000 -220.024
1509000 57.4719
1510000 127.579
1511000 229.225
1512000 -34.7956
1513000 -56.4361
1514000 -500.809
1515000 211.678
1516000 -283.844
1517000 -101.462
1518000 -45.1093
1519000 -102.175
1520000 -267.571
1521000 -462.654
1522000 -370.752
1523000 -195.614
1524000 229.054
1525000 86.0782
1526000 54.2889
1527000 -191.535
1528000 -39.0979
1529000 -376.638
1530000 138.695
1531000 -62.3626
1532000 117.838
1533000 286.412
1534000 -564.276
1535000 345.33
1536000 294.202
1537000 -7.1988
1538000 171.859
1539000 342.805
1540000 149.739
1541000 10.7848
1542000 -76.928
1543000 467.462
1544000 -206.792
1545000 59.9041
1546000 183.368
1547000 50.1907
1548000 204.873
1549000 195.941
1550000 -235.935
1551000 166.818
1552000 -129.553
1553000 -406.733
1554000 37.7492
1555000 25.2618
1556000 -90.8247
1557000 119.659
1558000 99.5077
1559000 387.661
1560000 166.216
1561000 201.128
1562000 88.6287
1563000 -52.632
1564000 181.158
1565000 223.1
1566000 -411.876
1567000 -102.166
1568000 -33.1577
1569000 -118.128
1570000 135.594
1571000 38.5068
1572000 -174.329
1573000 -462.648
1574000 -160.382
1575000 -179.355
1576000 291.497
1577000 430.59
1578000 -207.523
1579000 379.102
1580000 58.895
1581000 -67.3002
1582000 159.655
1583000 63.5469
1584000 -252.452
1585000 296.85
1586000 22.6689
1587000 -15.7969
1588000 279.485
1589000 586.109
1590000 -150.818
1591000 241.747
1592000 -56.1645
1593000 -267.806
1594000 224.648
1595000 -174.275
1596000 -126.036
1597000 -137.877
1598000 335.92
1599000 -54.8952
1600000 25.0253
1601000 156.374
1602000 -16.3377
1603000 -96.2363
1604000 7.34459
1605000 122.377
1606000 120.851
1607000 -244.358
1608000 -106.597
1609000 -258.589
1610000 -1.49851
1611000 4.03663
1612000 60.092
1613000 -99.4384
1614000 -290.592
1615000 -92.1525
1616000 -337.395
1617000 -177.702
1618000 108.68
1619000 -52.2584
1620000 -152.183
1621000 -323.772
1622000 279.978
1623000 191.406
1624000 18.3711
1625000 92.1613
1626000 -152.748
1627000 -41.1068
1628000 -423.022
1629000 -93.4441
1630000 88.1794
1631000 65.0194
1632000 126.277
1633000 64.6423
1634000 -90.093
1635000 -56.4952
1636000 -43.903
1637000 -227.741
1638000 -478.222
1639000 -297.339
1640000 218.911
1641000 444.596
1642000 -17.6619
1643000 -75.3084
1644000 48.8319
1645000 -9.18532
1646000 -250.248
1647000 200.758
1648000 -384.722
1649000 -331.236
1650000 122.327
1651000 -50.4135
1652000 -170.863
1653000 74.822
1654000 -252.403
1655000 119.39
1656000 -218.983
1657000 167.413
1658000 -133.295
1659000 -243.164
1660000 -342.148
1661000 -528.151
1662000 -12.8508
1663000 -231.366
1664000 -63.2663
1665000 26.0884
1666000 -323.381
1667000 -32.9599
1668000 -305.542
1669000 -188.867
1670000 -73.0099
1671000 311.822
1672000 214.507
1673000 30.0236
1674000 -40.1644
1675000 -265.935
1676000 36.2217
1677000 -194.402
1678000 -411.882
1679000 -85.5623
1680000 83.1698
1681000 62.0499
1682000 -227.688
1683000 -274.328
1684000 -427.248
1685000 -318.698
1686000 -441.364
1687000 -97.4085
1688000 -101.432
1689000 -13.962
1690000 227.484
1691000 -33.7637
1692000 199.751
1693000 27.7768
1694000 -218.995
1695000 44.6061
1696000 19.2022
1697000 -144.839
1698000 253.526
1699000 261.865
1700000 326.77
1701000 288.251
1702000 -97.3982
1703000 47.9536
1704000 0.637635
1705000 -74.8568
1706000 -16.247
1707000 -193.673
1708000 -9.5847
1709000 -62.1737
1710000 -52.4926
1711000 -35.695
1712000 48.8256
1713000 -252.144
1714000 12.8713
1715000 -7.32869
1716000 499.814
1717000 240.761
1718000 322.363
1719000 -148.547
1720000 125.614
1721000 234.959
1722000 198.01
1723000 198.482
1724000 -300.801
1725000 215.266
1726000 -48.9373
1727000 175.991
1728000 218.16
1729000 121.22
1730000 -24.6685
1731000 -268.972
1732000 -48.8828
1733000 200.221
1734000 -29.9768
1735000 500.237
1736000 -67.7587
1737000 -8.92997
1738000 263.79
1739000 -443.122
1740000 75.2223
1741000 533.256
1742000 -192.129
1743000 1.12701
1744000 -105.768
1745000 -46.661
1746000 -71.0716
1747000 120.323
1748000 -391.579
1749000 43.9537
1750000 143.509
1751000 132.933
1752000 317.171
1753000 -96.0136
1754000 93.0823
1755000 -16.1814
1756000 -246.818
1757000 -305.393
1758000 58.9061
1759000 54.3795
1760000 -144.757
1761000 -168.077
1762000 -91.0966
1763000 -88.1465
1764000 188.577
1765000 -8.11921
1766000 115.858
1767000 -392.432
1768000 45.8878
1769000 2.59963
1770000 326.98
1771000 60.3221
1772000 181.737
1773000 -86.9776
1774000 29.019
1775000 113.446
1776000 -509.259
1777000 -169.709
1778000 -126.795
1779000 -576.265
1780000 26.732
1781000 -90.3221
1782000 34.739
1783000 291.696
1784000 44.4311
1785000 -337.386
1786000 113.47
1787000 135.573
1788000 -161.291
1789000 -309.758
1790000 -507.245
1791000 4.3971
1792000 -39.6643
1793000 78.809
1794000 0.26246
1795000 78.4164
1796000 -50.9526
1797000 -4.12141
1798000 -118.014
1799000 -85.5566
1800000 153.711
1801000 238.348
1802000 68.061
1803000 -494.545
1804000 128.744
1805000 151.244
1806000 287.075
1807000 209.169
1808000 272.927
1809000 202.691
1810000 -93.8836
1811000 361.682
1812000 21.245
1813000 -333.396
1814000 -70.084
1815000 183.332
1816000 -93.2698
1817000 31.8927
1818000 -219.3
1819000 192.318
1820000 -93.406
1821000 -388.012
1822000 -360.237
1823000 335.369
1824000 -184.246
1825000 -148.133
1826000 173.489
1827000 132.528
1828000 227.455
1829000 23.6376
1830000 -191.529
1831000 -451.016
1832000 209.61
1833000 -3.52815
1834000 34.1681
1835000 60.4367
1836000 148.833
1837000 43.5685
1838000 -3.59338
1839000 212.702
1840000 -88.63
1841000 -305.535
1842000 -302.3
1843000 170.15
1844000 221.7
1845000 53.5708
1846000 -75.5723
1847000 -438.425
1848000 226.592
1849000 157.108
1850000 -11.9377
1851000 12.654
1852000 204.252
1853000 -102.965
1854000 -304.217
1855000 482.252
1856000 429.514
1857000 -252.832
1858000 45.049
1859000 82.3264
1860000 176.661
1861000 42.8844
1862000 -120.626
1863000 86.0775
1864000 -529.499
1865000 101.607
1866000 -284.351
1867000 -146.791
1868000 -355.482
1869000 258.197
1870000 -38.7896
1871000 213.647
1872000 145.154
1873000 444.866
1874000 -132.353
1875000 139.952
1876000 -667.617
1877000 -221.857
1878000 -127.928
1879000 -79.0789
1880000 -124.569
1881000 -124.267
1882000 -98.8957
1883000 -237.624
1884000 -126.091
1885000 -605.908
1886000 -341.912
1887000 30.357
1888000 153.154
1889000 -104.787
1890000 -320.66
1891000 -241.895
1892000 79.7001
1893000 204.344
1894000 -385.615
1895000 -239.411
1896000 -411.834
1897000 32.3344
1898000 -268.099
1899000 -47.6405
1900000 327.388
1901000 164.017
1902000 -30.8788
1903000 61.5618
1904000 -283.965
1905000 51.3492
1906000 -83.5554
1907000 -79.3846
1908000 -129.626
1909000 -66.0378
1910000 -92.0507
1911000 171.424
1912000 131.196
1913000 197.775
1914000 258.427
1915000 202.301
1916000 125.462
1917000 61.0531
1918000 -141.622
1919000 -143.149
1920000 -404.492
1921000 55.1854
1922000 76.4036
1923000 278.617
1924000 -226.74
1925000 -317.457
1926000 -426.226
1927000 141.871
1928000 -137.404
1929000 240.787
1930000 409.543
1931000 91.2822
1932000 340.998
1933000 377.244
1934000 413.667
1935000 -314.11
1936000 -57.8767
1937000 327.589
1938000 152.452
1939000 31.3196
1940000 -47.2503
1941000 463.081
1942000 258.272
1943000 -241.183
1944000 32.9791
1945000 -166.024
1946000 -385.524
1947000 488.8
1948000 -214.035
1949000 183.681
1950000 -87.7512
1951000 -11.7998
1952000 -4.31541
1953000 -287.477
1954000 -201.984
1955000 224.358
1956000 -21.5698
1957000 -213.175
1958000 -493.368
1959000 -269.026
1960000 177.654
1961000 -536.252
1962000 139.934
1963000 483.736
1964000 236.732
1965000 -251.062
1966000 -125.579
1967000 -107.454
1968000 -74.9966
1969000 131.931
1970000 230.445
1971000 -73.2909
1972000 -102.919
1973000 72.0432
1974000 -325.925
1975000 51.3819
1976000 351.931
1977000 43.2745
1978000 -98.4978
1979000 -140.243
1980000 64.7014
1981000 -156.738
1982000 -242.677
1983000 423.217
1984000 132.844
1985000 -144.89
1986000 244.176
1987000 190.735
1988000 -218.751
1989000 -107.658
1990000 -319.941
1991000 -38.0443
1992000 -187.928
1993000 -257.709
1994000 -88.0974
1995000 -88.8039
1996000 -109.857
1997000 180.354
1998000 -369.016
1999000 151.878
2000000 -76.7531
