# Time-averaged data for fix myat1
# TimeStep v_mytemp
1000 300.776
2000 298.293
3000 297.834
4000 298.517
5000 299.732
6000 300.275
7000 302.788
8000 300.692
9000 300.951
10000 299.281
11000 297.275
12000 299.889
13000 302.614
14000 300.845
15000 302.699
16000 297.012
17000 298.404
18000 300.685
19000 303.412
20000 300.987
21000 299.056
22000 298.585
23000 300.573
24000 304.317
25000 301.963
26000 300.073
27000 299.196
28000 299.097
29000 300.249
30000 298.723
31000 298.038
32000 300.431
33000 301.914
34000 301.701
35000 301.608
36000 299.534
37000 298.725
38000 299.871
39000 301.122
40000 301.339
41000 301.115
42000 299.745
43000 298.304
44000 300.969
45000 301.314
46000 300.262
47000 298.682
48000 298.781
49000 300.233
50000 301.119
51000 302.36
52000 302.582
53000 297.279
54000 299.674
55000 299.977
56000 302.323
57000 301.411
58000 299.406
59000 295.721
60000 296.87
61000 299.175
62000 300.738
63000 300.959
64000 301.456
65000 299.682
66000 298.401
67000 299.575
68000 300.636
69000 300.636
70000 300.602
71000 299.31
72000 297.518
73000 297.007
74000 296.609
75000 297.703
76000 299.709
77000 299.749
78000 301.121
79000 298.263
80000 296.631
81000 299.684
82000 300.806
83000 301.988
84000 299.432
85000 297.427
86000 299.293
87000 302.044
88000 301.048
89000 299.778
90000 298.713
91000 299.081
92000 299.712
93000 299.161
94000 300.909
95000 300.663
96000 300.412
97000 299.477
98000 297.469
99000 298.172
100000 303.464
101000 300.831
102000 301.103
103000 299.099
104000 298.309
105000 300.765
106000 300.295
107000 299.713
108000 300.213
109000 300.429
110000 297.218
111000 298.827
112000 301.015
113000 302.601
114000 299.877
115000 298.844
116000 297.997
117000 299.137
118000 298.6
119000 301.602
120000 301.715
121000 302.083
122000 298.888
123000 297.355
124000 297.671
125000 303.532
126000 301.489
127000 300.833
128000 299.233
129000 298.845
130000 299.384
131000 303.765
132000 302.327
133000 300.457
134000 299.362
135000 300.325
136000 300.538
137000 300.749
138000 304.139
139000 300.215
140000 300.017
141000 298.454
142000 300.181
143000 303.261
144000 300.754
145000 299.855
146000 298.571
147000 300.343
148000 301.617
149000 300.315
150000 297.819
151000 298.579
152000 299.262
153000 301.256
154000 301.868
155000 299.89
156000 298.351
157000 296.778
158000 298.033
159000 300.833
160000 300.321
161000 299.69
162000 299.411
163000 297.311
164000 298.39
165000 301.346
166000 300.736
167000 300.579
168000 297.415
169000 298.247
170000 298.57
171000 299.834
172000 300.349
173000 299.357
174000 299.157
175000 297.938
176000 300.523
177000 301.396
178000 302.496
179000 298.532
180000 300.695
181000 299.701
182000 300.371
183000 302.039
184000 305.822
185000 303.456
186000 300.2
187000 299.608
188000 298.833
189000 300.099
190000 301.92
191000 303.592
192000 299.034
193000 297.599
194000 300.539
195000 302.196
196000 301.06
197000 297.818
198000 299.099
199000 298.452
200000 300.603
201000 301.708
202000 300.962
203000 299.925
204000 299.39
205000 299.647
206000 300.91
207000 302.573
208000 301.019
209000 298.273
210000 299.194
211000 300.926
212000 301.551
213000 302.908
214000 301.684
215000 300.708
216000 299.092
217000 299.905
218000 299.959
219000 301.78
220000 302.967
221000 300.037
222000 299.538
223000 298.873
224000 298.539
225000 299.358
226000 302.127
227000 302.111
228000 299.329
229000 297.895
230000 299.447
231000 301.14
232000 301.411
233000 304.328
234000 303.945
235000 299.244
236000 299.464
237000 298.183
238000 299.807
239000 302.625
240000 303.397
241000 300.484
242000 300.491
243000 298.612
244000 300.986
245000 301.856
246000 300.946
247000 299.245
248000 299.138
249000 298.221
250000 300.521
251000 302.062
252000 300.989
253000 299.044
254000 300.095
255000 300.001
256000 303.11
257000 303.723
258000 298.63
259000 299.684
260000 299.099
261000 302.229
262000 301.423
263000 304.69
264000 304.947
265000 301.323
266000 301.243
267000 299.999
268000 299.475
269000 299.961
270000 303.839
271000 302.435
272000 300.781
273000 298.787
274000 300.44
275000 300.782
276000 299.65
277000 300.547
278000 301.367
279000 299.915
280000 298.901
281000 298.036
282000 298.045
283000 303.963
284000 301.82
285000 300.469
286000 298.273
287000 299.387
288000 301.918
289000 303.259
290000 302.263
291000 301.26
292000 299.655
293000 299.564
294000 300.709
295000 303.017
296000 303.392
297000 301.577
298000 298.815
299000 299.267
300000 299.73
301000 302.935
302000 302.53
303000 301.315
304000 299.819
305000 300.349
306000 300.274
307000 300.951
308000 303.649
309000 302.252
310000 300.148
311000 297.055
312000 300.418
313000 299.373
314000 303.663
315000 302.896
316000 301.692
317000 300.155
318000 298.888
319000 298.859
320000 299.073
321000 302.489
322000 301.518
323000 300.336
324000 299.009
325000 298.87
326000 299.927
327000 301.684
328000 304.184
329000 303.638
330000 301.045
331000 300.144
332000 298.826
333000 298.984
334000 299.056
335000 300.197
336000 302.832
337000 300.706
338000 298.114
339000 297.618
340000 300.422
341000 301.566
342000 301.321
343000 298.312
344000 297.974
345000 298.405
346000 301.96
347000 300.853
348000 300.201
349000 296.581
350000 295.359
351000 298.659
352000 299.781
353000 300.115
354000 300.696
355000 299.564
356000 298.256
357000 296.708
358000 297.791
359000 301.106
360000 300.912
361000 300.136
362000 300.088
363000 298.378
364000 300.21
365000 303.946
366000 301.001
367000 300.019
368000 298.201
369000 300.044
370000 301.408
371000 301.715
372000 302.558
373000 299.751
374000 298.907
375000 300.594
376000 298.963
377000 300.28
378000 300.08
379000 301.574
380000 300.309
381000 298.847
382000 297.946
383000 299.616
384000 301.487
385000 301.433
386000 300.686
387000 300.966
388000 297.86
389000 298.956
390000 301.912
391000 302.819
392000 300.864
393000 298.283
394000 298.946
395000 300.418
396000 302.745
397000 305.258
398000 301.942
399000 303.237
400000 297.775
401000 298.216
402000 300.614
403000 302.065
404000 302.161
405000 300.036
406000 298.004
407000 300.493
408000 301.242
409000 303.378
410000 301.572
411000 298.24
412000 299.084
413000 299.568
414000 300.738
415000 301.273
416000 299.295
417000 295.915
418000 295.858
419000 298.988
420000 300.878
421000 301.632
422000 300.451
423000 298.303
424000 297.676
425000 298.663
426000 300.415
427000 299.668
428000 300.488
429000 298.949
430000 299.328
431000 299.055
432000 299.919
433000 297.749
434000 297.838
435000 300.976
436000 302.339
437000 299.356
438000 299.574
439000 300.384
440000 301.142
441000 301.66
442000 301.265
443000 299.358
444000 298.185
445000 298.949
446000 301.001
447000 301.501
448000 300.911
449000 301.255
450000 299.118
451000 298.631
452000 297.161
453000 298.851
454000 300.893
455000 301.161
456000 299.229
457000 298.529
458000 296.922
459000 300.12
460000 302.644
461000 300.774
462000 299.349
463000 296.961
464000 299.941
465000 302.331
466000 301.207
467000 300.523
468000 299.716
469000 299.971
470000 300.97
471000 299.947
472000 300.874
473000 297.805
474000 297.748
475000 299.996
476000 300.885
477000 301.908
478000 300.173
479000 297.823
480000 297.621
481000 296.62
482000 299.71
483000 301.101
484000 300.982
485000 302.031
486000 298.421
487000 298.229
488000 296.572
489000 301.549
490000 300.699
491000 299.66
492000 298.807
493000 299.701
494000 299.003
495000 301.574
496000 302.311
497000 301.755
498000 299.914
499000 298.784
500000 297.844
501000 300.435
502000 300.523
503000 300.43
504000 300.095
505000 300.117
506000 298.261
507000 297.724
508000 297.297
509000 300.767
510000 302.809
511000 299.795
512000 299.143
513000 299.612
514000 297.149
515000 297.184
516000 298.342
517000 299.964
518000 301.329
519000 299.509
520000 298.041
521000 297.225
522000 298.774
523000 299.817
524000 300.13
525000 299.388
526000 299.264
527000 301.517
528000 302.175
529000 299.977
530000 297.226
531000 297.546
532000 300.536
533000 301.517
534000 305.177
535000 305.068
536000 303.388
537000 299.766
538000 298.971
539000 298.615
540000 300.404
541000 303.639
542000 301.923
543000 298.799
544000 299.452
545000 298.955
546000 300.951
547000 301.645
548000 299.824
549000 297.89
550000 297.926
551000 300.27
552000 299.763
553000 301.722
554000 299.895
555000 300.676
556000 299.93
557000 297.773
558000 298.06
559000 296.343
560000 300.06
561000 303.279
562000 300.218
563000 300.429
564000 297.803
565000 296.749
566000 301.101
567000 301.07
568000 302.239
569000 297.925
570000 297.681
571000 299.352
572000 302.686
573000 301.831
574000 299.205
575000 299.952
576000 299.613
577000 302.572
578000 302.302
579000 301.423
580000 299.134
581000 300.424
582000 299.159
583000 298.541
584000 298.938
585000 301.069
586000 302.259
587000 300.325
588000 298.108
589000 297.948
590000 299.846
591000 302.226
592000 300.993
593000 297.911
594000 295.391
595000 298.512
596000 299.564
597000 300.28
598000 301.296
599000 299.781
600000 297.618
601000 298.001
602000 299.383
603000 300.036
604000 302.22
605000 301.107
606000 297.743
607000 294.798
608000 296.574
609000 299.481
610000 300.765
611000 300.985
612000 299.281
613000 297.748
614000 297.578
615000 301.074
616000 302.494
617000 300.893
618000 298.607
619000 298.093
620000 299.694
621000 299.294
622000 300.043
623000 300.344
624000 298.769
625000 298.232
626000 299.622
627000 300.547
628000 301.246
629000 299.661
630000 297.352
631000 298.397
632000 298.95
633000 300.577
634000 303.242
635000 300.073
636000 298.958
637000 297.893
638000 299.374
639000 300.69
640000 301.148
641000 300.913
642000 300.672
643000 299.244
644000 300.266
645000 300.453
646000 303.071
647000 300.022
648000 300.278
649000 298.913
650000 298.784
651000 301.473
652000 302.549
653000 301.476
654000 299.603
655000 299.042
656000 298.522
657000 297.366
658000 299.761
659000 300.239
660000 303.137
661000 300.81
662000 297.486
663000 298.821
664000 299.616
665000 301.311
666000 301.062
667000 297.721
668000 297.237
669000 299.286
670000 300.237
671000 301.277
672000 301.854
673000 299.899
674000 299.188
675000 300.622
676000 301.205
677000 301.9
678000 302.195
679000 300.194
680000 298.69
681000 299.307
682000 301.139
683000 303.34
684000 304.185
685000 300.24
686000 298.826
687000 299.487
688000 299.634
689000 300.941
690000 302.158
691000 301.135
692000 297.709
693000 298.267
694000 301.781
695000 299.894
696000 300.745
697000 298.639
698000 297.359
699000 297.397
700000 300.133
701000 301.245
702000 302.872
703000 299.856
704000 296.766
705000 297.72
706000 299.14
707000 300.143
708000 300.847
709000 300.751
710000 298.198
711000 297.129
712000 300.003
713000 301.61
714000 299.816
715000 299.528
716000 298.835
717000 300.156
718000 301.111
719000 300.395
720000 299.571
721000 297.589
722000 296.502
723000 298.853
724000 302.362
725000 301.666
726000 301.175
727000 299.396
728000 296.531
729000 298.766
730000 301.342
731000 300.531
732000 300.727
733000 299.8
734000 297.681
735000 297.104
736000 299.305
737000 300.558
738000 302.259
739000 300.359
740000 297.583
741000 297.536
742000 298.92
743000 301.63
744000 301.126
745000 299.437
746000 299.123
747000 298.926
748000 302.408
749000 302.163
750000 300.768
751000 299.794
752000 299.355
753000 299.96
754000 299.021
755000 300.654
756000 300.39
757000 302.19
758000 302.597
759000 300.692
760000 299.161
761000 299.418
762000 299.988
763000 301.945
764000 301.938
765000 301.349
766000 299.134
767000 300.845
768000 299.679
769000 302.107
770000 303.906
771000 301.854
772000 299.734
773000 300.706
774000 298.233
775000 300.616
776000 303.339
777000 302.482
778000 300.629
779000 297.017
780000 300.003
781000 301.904
782000 300.709
783000 300.817
784000 297.741
785000 296.81
786000 301.932
787000 301.159
788000 301.342
789000 299.061
790000 296.162
791000 297.904
792000 300.104
793000 301.321
794000 300.23
795000 297.925
796000 295.708
797000 297.807
798000 300.383
799000 300.522
800000 301.01
801000 298.3
802000 297.571
803000 298.047
804000 300.882
805000 302.324
806000 300.235
807000 299.671
808000 297.857
809000 303.024
810000 302.512
811000 300.765
812000 298.109
813000 297.297
814000 299.854
815000 302.63
816000 302.129
817000 300.925
818000 299.709
819000 298.982
820000 300.387
821000 302.05
822000 303.326
823000 301.055
824000 298.994
825000 300.153
826000 300.032
827000 301.772
828000 301.824
829000 300.778
830000 299.619
831000 298.348
832000 298.855
833000 302.379
834000 303.595
835000 300.091
836000 298.025
837000 301.097
838000 301.5
839000 302.551
840000 301.131
841000 296.973
842000 297.443
843000 298.951
844000 301.829
845000 300.633
846000 300.916
847000 297.064
848000 297.997
849000 298.283
850000 299.263
851000 299.763
852000 301.951
853000 299.719
854000 296.926
855000 296.349
856000 299.348
857000 300.256
858000 300.373
859000 298.715
860000 297.72
861000 298.144
862000 301.827
863000 301.055
864000 300.371
865000 297.521
866000 298.272
867000 299.833
868000 298.575
869000 301.174
870000 299.783
871000 300.591
872000 298.952
873000 298.737
874000 298.415
875000 301.211
876000 301.39
877000 300.796
878000 298.959
879000 298.699
880000 299.465
881000 300.762
882000 301.487
883000 303.434
884000 300.033
885000 298.662
886000 298.987
887000 299.463
888000 301.709
889000 301.751
890000 299.902
891000 299.54
892000 298.937
893000 301.309
894000 302.099
895000 301.689
896000 297.936
897000 297.564
898000 298.604
899000 300.504
900000 301.327
901000 300.635
902000 297.993
903000 297.006
904000 297.805
905000 299.717
906000 301.049
907000 300.38
908000 298.501
909000 298.367
910000 299.466
911000 302.028
912000 301.641
913000 299.169
914000 297.513
915000 298.513
916000 302.115
917000 301.478
918000 298.771
919000 298.169
920000 298.84
921000 297.912
922000 297.612
923000 299.727
924000 302.499
925000 302.766
926000 300.631
927000 299.462
928000 298.422
929000 298.956
930000 302.619
931000 303.127
932000 303.191
933000 298.9
934000 298.694
935000 298.597
936000 301.758
937000 302.097
938000 300.301
939000 299.122
940000 299.503
941000 302.634
942000 299.028
943000 298.057
944000 299.115
945000 299.034
946000 301.426
947000 299.511
948000 299.135
949000 296.82
950000 299.2
951000 299.491
952000 301.519
953000 301.427
954000 299.443
955000 298.922
956000 299.41
957000 300.458
958000 301.693
959000 299.84
960000 300.218
961000 299.959
962000 297.669
963000 299.708
964000 300.942
965000 303.301
966000 302.931
967000 299.758
968000 299.005
969000 300.103
970000 299.492
971000 299.593
972000 301.635
973000 300.244
974000 300.229
975000 297.507
976000 298.153
977000 303.073
978000 302.708
979000 299.556
980000 299.604
981000 298.307
982000 298.469
983000 298.663
984000 301.8
985000 302.469
986000 299.839
987000 299.181
988000 298.501
989000 298.025
990000 299.766
991000 299.48
992000 300.594
993000 303.876
994000 302.19
995000 299.002
996000 297.354
997000 299.338
998000 301.629
999000 302.897
1000000 301.904
