# Time-averaged data for fix myat1
# TimeStep v_mytemp
1000 502.208
2000 500.226
3000 498.309
4000 503.526
5000 500.572
6000 503.636
7000 500.06
8000 502.06
9000 497.089
10000 494.313
11000 500.146
12000 500.344
13000 499.969
14000 499.748
15000 497.24
16000 490.141
17000 498.035
18000 500.8
19000 503.084
20000 494.149
21000 499.345
22000 499.605
23000 497.083
24000 496.54
25000 499.026
26000 497.1
27000 498.711
28000 497.423
29000 499.396
30000 494.828
31000 492.433
32000 495.73
33000 496.427
34000 494.589
35000 498.588
36000 495.645
37000 495.363
38000 496.465
39000 496.039
40000 495.077
41000 499.416
42000 498.801
43000 496.795
44000 495.184
45000 492.67
46000 495.613
47000 490.712
48000 488.896
49000 491.042
50000 496.648
51000 491.656
52000 495.642
53000 497.823
54000 494.453
55000 493.725
56000 499.546
57000 493.737
58000 493.591
59000 492.805
60000 495.875
61000 498.608
62000 491.027
63000 496.265
64000 495.173
65000 488.901
66000 497.526
67000 496.037
68000 499.134
69000 490.045
70000 489.527
71000 494.352
72000 493.006
73000 493.684
74000 495.201
75000 491.897
76000 487.797
77000 490.399
78000 492.375
79000 494.912
80000 492.456
81000 491.293
82000 492.504
83000 488.754
84000 491.967
85000 498.175
86000 489.313
87000 495.919
88000 488.467
89000 493.12
90000 496.53
91000 490.043
92000 490.604
93000 487.489
94000 494.685
95000 489.686
96000 489.486
97000 490.039
98000 489.529
99000 485.619
100000 487.835
101000 491.487
102000 489.405
103000 491.411
104000 485.622
105000 495.923
106000 489.868
107000 490.356
108000 487.631
109000 490.546
110000 493.481
111000 489.894
112000 483.989
113000 492.233
114000 493.075
115000 487.018
116000 488.558
117000 484.72
118000 489.748
119000 487.651
120000 478.891
121000 494.379
122000 491.389
123000 492.81
124000 487.843
125000 482.75
126000 489.354
127000 485.386
128000 483.51
129000 487.804
130000 486.515
131000 488.058
132000 483.883
133000 483.443
134000 480.716
135000 488.088
136000 488.291
137000 485.97
138000 483.291
139000 482.412
140000 487.819
141000 486.038
142000 482.876
143000 484.892
144000 485.49
145000 488.404
146000 484.157
147000 485.051
148000 489.638
149000 487.775
150000 485.982
151000 481.91
152000 481.853
153000 482.801
154000 485.243
155000 485.707
156000 483.137
157000 485.629
158000 484.322
159000 487.517
160000 483.613
161000 482.037
162000 482.638
163000 483.709
164000 482.601
165000 478.831
166000 483.401
167000 486.208
168000 479.783
169000 484.106
170000 484.85
171000 487.189
172000 482.244
173000 483.251
174000 480.945
175000 481.25
176000 480.557
177000 483.168
178000 482.043
179000 482.255
180000 480.743
181000 482.881
182000 484.805
183000 486.258
184000 479.013
185000 483.051
186000 486.892
187000 481.584
188000 483.795
189000 478.033
190000 479.278
191000 480.371
192000 482.702
193000 480.512
194000 476.998
195000 482.57
196000 481.365
197000 480.327
198000 477.86
199000 477.244
200000 476.064
201000 482.523
202000 481.613
203000 478.016
204000 478.878
205000 479.975
206000 479.064
207000 479.179
208000 480.886
209000 481.428
210000 481.521
211000 480.231
212000 479.185
213000 478.533
214000 478.719
215000 477.719
216000 479.751
217000 478.688
218000 485.853
219000 473.833
220000 478.218
221000 476.428
222000 476.664
223000 479.848
224000 478.772
225000 476.666
226000 477.873
227000 480.868
228000 477.903
229000 476.729
230000 478.07
231000 477.31
232000 475.716
233000 476.722
234000 474.1
235000 474.918
236000 474.393
237000 478.65
238000 472.529
239000 479.284
240000 473.818
241000 475.822
242000 474.942
243000 477.828
244000 473.745
245000 477.348
246000 473.049
247000 477.323
248000 475.71
249000 474.229
250000 471.85
251000 472.117
252000 475.147
253000 473.419
254000 473.811
255000 476.271
256000 476.664
257000 471.496
258000 471.47
259000 472.004
260000 473.011
261000 476.5
262000 476.926
263000 474.857
264000 470.401
265000 475.439
266000 479.334
267000 467.372
268000 476.789
269000 473.772
270000 470.414
271000 471.361
272000 469.107
273000 474.097
274000 475.411
275000 467.512
276000 471.64
277000 469.868
278000 472.889
279000 472.515
280000 471.206
281000 470.517
282000 472.838
283000 472.41
284000 475.038
285000 470.112
286000 472.815
287000 475.093
288000 471.051
289000 466.082
290000 467.247
291000 471.381
292000 476.496
293000 470.534
294000 468.927
295000 467.827
296000 467.978
297000 470.514
298000 472.077
299000 470.456
300000 470.386
301000 467.113
302000 469.334
303000 470.273
304000 471.52
305000 466.35
306000 471.429
307000 467.337
308000 473.344
309000 466.963
310000 469.434
311000 466.197
312000 466.495
313000 469.589
314000 468.707
315000 471.156
316000 467.43
317000 471.256
318000 465.154
319000 469.186
320000 467.205
321000 466.655
322000 467.408
323000 466.384
324000 464.511
325000 466.549
326000 467.507
327000 471.592
328000 465.918
329000 463.783
330000 464.776
331000 469.827
332000 463.484
333000 466.93
334000 469.517
335000 466.693
336000 467.192
337000 462.281
338000 467.211
339000 460.988
340000 467.69
341000 469.079
342000 464.242
343000 467.219
344000 466.328
345000 465.522
346000 463.261
347000 464.306
348000 467.629
349000 459.407
350000 461.695
351000 466.059
352000 462.417
353000 463.248
354000 467.842
355000 462.338
356000 464.717
357000 469.704
358000 462.798
359000 461.423
360000 462.305
361000 458.342
362000 462.879
363000 462.803
364000 457.899
365000 464.082
366000 461.628
367000 465.181
368000 460.093
369000 465.073
370000 465
371000 464.105
372000 458.423
373000 462.362
374000 462.625
375000 462.564
376000 456.603
377000 462.178
378000 459.996
379000 461.496
380000 463.115
381000 461.529
382000 462.331
383000 464.181
384000 458.464
385000 464.433
386000 461.688
387000 463.704
388000 459.354
389000 465.586
390000 461.98
391000 459.423
392000 464.588
393000 462.907
394000 455.406
395000 467.76
396000 462.138
397000 459.218
398000 456.872
399000 457.99
400000 466.25
401000 457.424
402000 456.53
403000 458.622
404000 463.287
405000 458.701
406000 466.557
407000 458.858
408000 458.875
409000 458.547
410000 459.262
411000 460.445
412000 460.554
413000 462.751
414000 457.314
415000 458.054
416000 456.838
417000 459.282
418000 462.593
419000 456.989
420000 455.174
421000 461.936
422000 455.907
423000 456.571
424000 451.739
425000 455.992
426000 456.036
427000 455.051
428000 456.563
429000 463.629
430000 457.011
431000 454.353
432000 451.738
433000 456.691
434000 459.83
435000 456.59
436000 458.713
437000 454.613
438000 458.478
439000 459.779
440000 457.096
441000 458.327
442000 453.384
443000 456.303
444000 456.52
445000 453.724
446000 459.318
447000 457.152
448000 455.315
449000 456.082
450000 455.932
451000 449.017
452000 455.068
453000 458.614
454000 453.477
455000 455.435
456000 450.934
457000 452.613
458000 455.533
459000 451.05
460000 459.049
461000 457.127
462000 452.368
463000 452.21
464000 451.593
465000 452.674
466000 456.346
467000 450.986
468000 450.582
469000 456.685
470000 452.514
471000 454.309
472000 446.74
473000 453.648
474000 451.457
475000 450.445
476000 455.327
477000 454.786
478000 453.039
479000 456.143
480000 453.854
481000 451.065
482000 449.559
483000 447.372
484000 454.828
485000 451.215
486000 449.968
487000 450.724
488000 454.254
489000 450.657
490000 454.827
491000 448.234
492000 452.778
493000 452.557
494000 444.201
495000 451.564
496000 446.491
497000 450.076
498000 453.962
499000 451.113
500000 449.774
501000 448.704
502000 451.339
503000 449.326
504000 447.123
505000 451.651
506000 453.559
507000 451.974
508000 447.662
509000 451.145
510000 449.278
511000 445.645
512000 450.579
513000 453.567
514000 447.519
515000 450.949
516000 448.622
517000 447.085
518000 451.39
519000 448.741
520000 444.711
521000 449.194
522000 450.491
523000 448.447
524000 444.418
525000 443.693
526000 450.156
527000 446.325
528000 444.14
529000 446.789
530000 447.613
531000 451.186
532000 447.191
533000 444.07
534000 447.413
535000 445.094
536000 447.161
537000 447.073
538000 445.139
539000 447.273
540000 444.317
541000 451.593
542000 448.142
543000 446.238
544000 442.653
545000 450.285
546000 447.216
547000 444.551
548000 445.95
549000 447.024
550000 443.452
551000 447.015
552000 443.345
553000 443.529
554000 451.945
555000 444.534
556000 442.517
557000 445.423
558000 446.519
559000 443.545
560000 441.307
561000 444.989
562000 444.153
563000 441.718
564000 442.994
565000 443.808
566000 440.67
567000 444.134
568000 445.839
569000 443.355
570000 443.388
571000 441.779
572000 441.948
573000 445.682
574000 444.156
575000 442.103
576000 438.533
577000 446.925
578000 443.726
579000 440.219
580000 439.073
581000 441.416
582000 439.526
583000 438.969
584000 443.524
585000 443.634
586000 438.184
587000 441.08
588000 442.354
589000 440.207
590000 441.472
591000 441.417
592000 437.286
593000 440.562
594000 437.917
595000 442.178
596000 437.909
597000 438.836
598000 441.771
599000 440.576
600000 438.219
601000 439.374
602000 437.666
603000 433.522
604000 438.354
605000 442.251
606000 436.784
607000 440.867
608000 439.708
609000 437.364
610000 434.369
611000 436.865
612000 435.248
613000 438.994
614000 441
615000 438.749
616000 435.788
617000 438.329
618000 435.515
619000 434.72
620000 439.142
621000 440.752
622000 437.632
623000 438.043
624000 435.738
625000 438.575
626000 440.547
627000 439.259
628000 436.154
629000 434.694
630000 436.83
631000 433.111
632000 440.438
633000 435.855
634000 438.635
635000 439.567
636000 434.853
637000 431.517
638000 437.086
639000 439.108
640000 434.34
641000 439.367
642000 435.047
643000 435.072
644000 433.771
645000 438.757
646000 438.063
647000 437.496
648000 435.24
649000 432.843
650000 437.586
651000 435.376
652000 436.274
653000 432.947
654000 437.044
655000 434.323
656000 434.183
657000 434.362
658000 430.747
659000 433.701
660000 434.178
661000 437.45
662000 433.732
663000 433.729
664000 433.216
665000 427.533
666000 434.672
667000 435.835
668000 433.819
669000 429.422
670000 430.249
671000 433.596
672000 434.087
673000 435.369
674000 437.129
675000 435.765
676000 429.363
677000 431.287
678000 433.367
679000 434.661
680000 429.576
681000 436.064
682000 433.996
683000 425.755
684000 429.419
685000 432.508
686000 429.942
687000 432.146
688000 433.476
689000 431.999
690000 432.407
691000 430.332
692000 429.036
693000 432.202
694000 433.457
695000 428.676
696000 430.909
697000 428.487
698000 425.803
699000 428.881
700000 432.222
701000 428.741
702000 431.2
703000 429.639
704000 427.784
705000 428.768
706000 432.673
707000 431.12
708000 429.506
709000 423.609
710000 430
711000 431.17
712000 429.445
713000 433.543
714000 429.743
715000 429.122
716000 428.214
717000 430.602
718000 426.048
719000 430.638
720000 429.598
721000 429.181
722000 421.206
723000 426.518
724000 431.776
725000 427.358
726000 425.256
727000 426.67
728000 433.533
729000 426.615
730000 424.727
731000 429.12
732000 429.583
733000 428.015
734000 424.877
735000 424.957
736000 433.576
737000 425.465
738000 421.791
739000 423.151
740000 424.318
741000 426.155
742000 429.368
743000 423.426
744000 422.984
745000 427.408
746000 422.621
747000 425.794
748000 425.774
749000 428.157
750000 428.025
751000 425.27
752000 424.712
753000 423.111
754000 426.132
755000 431.05
756000 425.86
757000 421.998
758000 426.938
759000 424.673
760000 426.367
761000 426.7
762000 422.902
763000 420.614
764000 423.1
765000 421.694
766000 424.391
767000 424.924
768000 425.787
769000 421.769
770000 421.543
771000 422.601
772000 425.796
773000 421.812
774000 419.873
775000 423.113
776000 424.42
777000 421.259
778000 427.872
779000 424.446
780000 424.03
781000 419.856
782000 417.735
783000 426.455
784000 421.387
785000 422.109
786000 422.961
787000 420.017
788000 424.706
789000 423.41
790000 419.024
791000 419.947
792000 419.636
793000 422.409
794000 423.988
795000 419.189
796000 424.034
797000 420.502
798000 422.501
799000 417.537
800000 417.48
801000 417.869
802000 418.993
803000 422.993
804000 417.856
805000 421.949
806000 421.799
807000 421.912
808000 418.655
809000 419.486
810000 421.469
811000 414.422
812000 415.564
813000 422.058
814000 415.61
815000 419.555
816000 416.657
817000 415.452
818000 418.6
819000 415.715
820000 419.826
821000 420.191
822000 419.118
823000 417.771
824000 417.314
825000 418.701
826000 419.665
827000 415.088
828000 420.15
829000 417.08
830000 414.763
831000 412.652
832000 415.998
833000 418.334
834000 416.59
835000 411.733
836000 419.112
837000 412.147
838000 418.301
839000 413.707
840000 417.844
841000 418.481
842000 418.609
843000 417.969
844000 417.801
845000 416.69
846000 415.42
847000 415.372
848000 413.522
849000 416.335
850000 419.283
851000 419.031
852000 416.071
853000 415.485
854000 412.602
855000 413.467
856000 413.382
857000 412.321
858000 413.539
859000 416.733
860000 415.054
861000 411.812
862000 412.148
863000 413.897
864000 413.262
865000 413.884
866000 411.769
867000 415.701
868000 413.567
869000 411.002
870000 411.387
871000 413.031
872000 413.146
873000 417.995
874000 412.17
875000 414.529
876000 409.899
877000 412.25
878000 413.565
879000 407.939
880000 411.583
881000 413.658
882000 409.389
883000 410.729
884000 409.414
885000 413.859
886000 409.724
887000 418.2
888000 408.249
889000 413.134
890000 412.501
891000 411.186
892000 412.869
893000 412.945
894000 409.27
895000 413.145
896000 411.819
897000 411.823
898000 415.777
899000 407.176
900000 411.057
901000 408.479
902000 408.559
903000 406.312
904000 413.702
905000 410.449
906000 407.007
907000 408.416
908000 408.858
909000 405.153
910000 411.035
911000 408.22
912000 408.965
913000 408.426
914000 409.77
915000 408.869
916000 406.9
917000 410.869
918000 406.504
919000 406.832
920000 412.359
921000 406.99
922000 410.24
923000 413.893
924000 407.806
925000 408.843
926000 404.755
927000 406.873
928000 411.435
929000 407.783
930000 405.559
931000 404.402
932000 402.999
933000 403.543
934000 405.194
935000 405.192
936000 407.662
937000 409.412
938000 401.478
939000 406.791
940000 401.848
941000 406.601
942000 402.807
943000 406.703
944000 404.582
945000 405.582
946000 406.174
947000 405.039
948000 405.345
949000 405.806
950000 406.919
951000 406.741
952000 405.921
953000 403.871
954000 402.135
955000 405.288
956000 404.154
957000 401.371
958000 405.65
959000 405.651
960000 408.983
961000 408.751
962000 403.533
963000 401.283
964000 408.648
965000 403.725
966000 403.493
967000 402.111
968000 400.601
969000 402.845
970000 405.402
971000 405.719
972000 405.161
973000 400.778
974000 401.499
975000 399.716
976000 404.821
977000 403.452
978000 402.042
979000 398.781
980000 400.885
981000 398.883
982000 401.886
983000 399.945
984000 401.072
985000 400.786
986000 403.133
987000 400.544
988000 399.413
989000 404.489
990000 404.138
991000 400.525
992000 403.07
993000 404.484
994000 403.899
995000 401.729
996000 402.015
997000 397.573
998000 404.54
999000 400.138
1000000 396.655
1001000 400.314
1002000 399.88
1003000 397.844
1004000 401.383
1005000 399.206
1006000 405.389
1007000 397.986
1008000 399.023
1009000 398.898
1010000 394.912
1011000 393.341
1012000 399.543
1013000 401.112
1014000 397.832
1015000 396.281
1016000 397.488
1017000 401.287
1018000 399.507
1019000 392.967
1020000 400.511
1021000 395.859
1022000 399.65
1023000 398.418
1024000 399.836
1025000 398.43
1026000 401.546
1027000 396.245
1028000 397.42
1029000 392.961
1030000 402.82
1031000 396.012
1032000 392.632
1033000 396.811
1034000 398.472
1035000 396.401
1036000 397.058
1037000 398.628
1038000 394.328
1039000 395.013
1040000 399.018
1041000 395.073
1042000 398.663
1043000 395.95
1044000 394.035
1045000 397.294
1046000 398.968
1047000 394.243
1048000 395.467
1049000 397.48
1050000 395.25
1051000 397.173
1052000 395.018
1053000 393.063
1054000 394.866
1055000 396.723
1056000 392.652
1057000 394.053
1058000 398.323
1059000 392.955
1060000 391.84
1061000 397.132
1062000 389.467
1063000 392.58
1064000 395.546
1065000 396.074
1066000 393.08
1067000 395.563
1068000 393.312
1069000 393.592
1070000 395.472
1071000 392.892
1072000 395.701
1073000 392.89
1074000 396.287
1075000 394.931
1076000 395.783
1077000 392.316
1078000 390.364
1079000 388.856
1080000 391.579
1081000 390.107
1082000 393.829
1083000 387.031
1084000 389.523
1085000 393.677
1086000 392.079
1087000 390.632
1088000 390.53
1089000 389.185
1090000 391.472
1091000 390.172
1092000 392.847
1093000 385.378
1094000 388.566
1095000 391.261
1096000 391.536
1097000 394.066
1098000 389.066
1099000 387.091
1100000 388.47
1101000 391.102
1102000 389.804
1103000 387.669
1104000 395.109
1105000 388.031
1106000 386.664
1107000 390.322
1108000 389.383
1109000 388.878
1110000 387.637
1111000 394.535
1112000 388.565
1113000 389.056
1114000 388.093
1115000 389.454
1116000 382.367
1117000 387.863
1118000 391.03
1119000 385.65
1120000 385.953
1121000 387.642
1122000 390.062
1123000 391.667
1124000 386.941
1125000 386.007
1126000 389.948
1127000 391.656
1128000 388.235
1129000 385.097
1130000 385.273
1131000 389.391
1132000 387.391
1133000 388.337
1134000 388.714
1135000 387.016
1136000 385.732
1137000 386.336
1138000 387.165
1139000 386.589
1140000 390.664
1141000 386.043
1142000 381.809
1143000 386.73
1144000 387.81
1145000 386.323
1146000 386.833
1147000 384.498
1148000 385.663
1149000 383.687
1150000 381.928
1151000 384.453
1152000 386.19
1153000 385.156
1154000 387.465
1155000 387.158
1156000 386.244
1157000 384.922
1158000 384.782
1159000 384.184
1160000 384.51
1161000 379.158
1162000 381.955
1163000 385.901
1164000 385.157
1165000 383.46
1166000 382.807
1167000 383.073
1168000 381.31
1169000 382.43
1170000 384.914
1171000 382.512
1172000 382.508
1173000 385.438
1174000 383.328
1175000 386.621
1176000 380.781
1177000 385.062
1178000 384.298
1179000 381.409
1180000 386.235
1181000 381.014
1182000 384.683
1183000 383.278
1184000 381.589
1185000 386.148
1186000 381.731
1187000 379.883
1188000 379.417
1189000 380.3
1190000 382.054
1191000 377.488
1192000 379.789
1193000 379.811
1194000 383.226
1195000 379.213
1196000 382.845
1197000 377.97
1198000 379.298
1199000 381.524
1200000 378.454
1201000 378.856
1202000 379.709
1203000 380.899
1204000 377.097
1205000 378.238
1206000 381.086
1207000 376.904
1208000 379.506
1209000 379.65
1210000 378.698
1211000 379.063
1212000 379.389
1213000 377.471
1214000 379.104
1215000 374.246
1216000 378.458
1217000 380.603
1218000 380.523
1219000 380.462
1220000 374.443
1221000 375.225
1222000 377.115
1223000 380.555
1224000 381.172
1225000 377.109
1226000 376.613
1227000 374.313
1228000 376.293
1229000 381.051
1230000 379.397
1231000 375.058
1232000 375.449
1233000 377.916
1234000 377.296
1235000 378.671
1236000 374.546
1237000 374.415
1238000 377.699
1239000 377.032
1240000 376.075
1241000 375.837
1242000 376.129
1243000 373.868
1244000 374.763
1245000 374.219
1246000 378.687
1247000 369.725
1248000 374.98
1249000 377.03
1250000 375.963
1251000 373.746
1252000 377.43
1253000 375.953
1254000 372.555
1255000 373.69
1256000 371.731
1257000 374.75
1258000 374.027
1259000 372.443
1260000 377.343
1261000 374.952
1262000 375.6
1263000 375.511
1264000 372.878
1265000 370.3
1266000 373.524
1267000 372.996
1268000 371.309
1269000 378.511
1270000 374.22
1271000 374.39
1272000 372.496
1273000 371.716
1274000 374.265
1275000 371.793
1276000 371.499
1277000 372.192
1278000 368.606
1279000 369.058
1280000 370.949
1281000 369.409
1282000 370.824
1283000 373.095
1284000 374.802
1285000 370.002
1286000 368.948
1287000 373.751
1288000 368.668
1289000 373.74
1290000 372.12
1291000 369.72
1292000 367.101
1293000 371.953
1294000 371.179
1295000 373.019
1296000 369.721
1297000 369.11
1298000 369.097
1299000 373.538
1300000 369.214
1301000 369.539
1302000 368.857
1303000 370.905
1304000 370.885
1305000 370.024
1306000 370.608
1307000 367.977
1308000 371.217
1309000 370.274
1310000 367.354
1311000 370.761
1312000 366.127
1313000 368.277
1314000 371.866
1315000 369.853
1316000 365.712
1317000 367.94
1318000 365.977
1319000 368.517
1320000 369.227
1321000 365.923
1322000 364.856
1323000 368.303
1324000 367.983
1325000 368.009
1326000 368.672
1327000 367.341
1328000 364.168
1329000 369.775
1330000 368.046
1331000 369.538
1332000 368.711
1333000 365.16
1334000 365.415
1335000 367.14
1336000 365.655
1337000 366.831
1338000 364.473
1339000 365.656
1340000 366.28
1341000 366.891
1342000 367.004
1343000 367.672
1344000 365.195
1345000 366.344
1346000 365.081
1347000 369.528
1348000 365.337
1349000 365.17
1350000 365.134
1351000 365.667
1352000 362.212
1353000 362.306
1354000 364.359
1355000 365.283
1356000 362.29
1357000 361.573
1358000 363.316
1359000 364.027
1360000 359.944
1361000 364.733
1362000 362.024
1363000 364.151
1364000 361.66
1365000 367.954
1366000 363.956
1367000 361.978
1368000 364.872
1369000 364.781
1370000 361.916
1371000 363.511
1372000 365.35
1373000 362.254
1374000 360.881
1375000 359.125
1376000 361.161
1377000 358.492
1378000 360.729
1379000 363.208
1380000 360.112
1381000 361.666
1382000 362.093
1383000 362.792
1384000 362.751
1385000 360.383
1386000 360.798
1387000 365.295
1388000 358.718
1389000 358.825
1390000 360.471
1391000 361.501
1392000 356.839
1393000 360.814
1394000 360.783
1395000 358.24
1396000 358.024
1397000 359.846
1398000 355.82
1399000 362.525
1400000 359.25
1401000 357.882
1402000 361.654
1403000 361.763
1404000 359.377
1405000 356.422
1406000 361.326
1407000 358.082
1408000 357.161
1409000 356.15
1410000 357.74
1411000 359.359
1412000 362.109
1413000 358.498
1414000 362.054
1415000 356.271
1416000 359.431
1417000 358.722
1418000 357.062
1419000 360.126
1420000 358.905
1421000 357
1422000 357.119
1423000 359.955
1424000 353.365
1425000 355.134
1426000 359.258
1427000 355.87
1428000 355.747
1429000 351.77
1430000 358.187
1431000 357.138
1432000 359.376
1433000 356.958
1434000 356.742
1435000 356.59
1436000 358.166
1437000 355.357
1438000 357.474
1439000 358.55
1440000 357.97
1441000 355.51
1442000 352.82
1443000 358.233
1444000 357.107
1445000 354.551
1446000 357.15
1447000 354.97
1448000 357.117
1449000 356.811
1450000 356.192
1451000 353.791
1452000 357.592
1453000 353.211
1454000 356.536
1455000 354.504
1456000 356.312
1457000 351.606
1458000 353.432
1459000 352.64
1460000 355.349
1461000 354.121
1462000 352.906
1463000 351.65
1464000 351.501
1465000 356.438
1466000 354.08
1467000 353.235
1468000 354.541
1469000 351.556
1470000 356.698
1471000 352.002
1472000 357.021
1473000 351.105
1474000 350.818
1475000 349.153
1476000 349.151
1477000 352.961
1478000 354.469
1479000 351.542
1480000 352.622
1481000 354.5
1482000 350.318
1483000 352.147
1484000 350.181
1485000 352.483
1486000 349.411
1487000 350.852
1488000 351.605
1489000 348.786
1490000 351.406
1491000 351.199
1492000 349.292
1493000 351.31
1494000 348.739
1495000 347.267
1496000 349.314
1497000 351.382
1498000 352.579
1499000 350.678
1500000 352.748
1501000 348.922
1502000 348.325
1503000 347.441
1504000 348.39
1505000 349.159
1506000 349.788
1507000 347.135
1508000 349.835
1509000 349.256
1510000 349.902
1511000 346.025
1512000 348.694
1513000 349.277
1514000 347.861
1515000 347.772
1516000 346.996
1517000 349.334
1518000 352.826
1519000 348.025
1520000 350.042
1521000 350.729
1522000 348.738
1523000 347.828
1524000 342.623
1525000 349.587
1526000 349.212
1527000 347.368
1528000 350.31
1529000 346.048
1530000 348.298
1531000 346.173
1532000 348.063
1533000 347.785
1534000 346.117
1535000 343.871
1536000 347.363
1537000 346.927
1538000 344.49
1539000 344.517
1540000 349.673
1541000 345.1
1542000 344.857
1543000 344.63
1544000 345.628
1545000 344.755
1546000 347.006
1547000 344.504
1548000 345.224
1549000 345.58
1550000 345.02
1551000 346.867
1552000 346.932
1553000 342.419
1554000 345.901
1555000 342.124
1556000 348.706
1557000 342.454
1558000 344.993
1559000 345.376
1560000 343.242
1561000 344.626
1562000 338.595
1563000 345.622
1564000 344.502
1565000 343.842
1566000 343.487
1567000 344.104
1568000 344.641
1569000 343.138
1570000 342.986
1571000 342.313
1572000 342.419
1573000 339.916
1574000 341.994
1575000 341.353
1576000 338.082
1577000 342.778
1578000 342.787
1579000 345.404
1580000 339.76
1581000 341.313
1582000 346.216
1583000 343.586
1584000 339.001
1585000 341.542
1586000 342.88
1587000 339.765
1588000 338.845
1589000 342.059
1590000 339.432
1591000 339.233
1592000 342.922
1593000 341.981
1594000 337.187
1595000 339.536
1596000 341.934
1597000 337.518
1598000 342.041
1599000 338.596
1600000 335.565
1601000 339.933
1602000 337.578
1603000 339.587
1604000 339.572
1605000 343.159
1606000 339.293
1607000 339.75
1608000 341.236
1609000 337.479
1610000 338.572
1611000 339.883
1612000 341.173
1613000 339.594
1614000 334.656
1615000 341.621
1616000 339.163
1617000 340.064
1618000 339.24
1619000 332.755
1620000 338.744
1621000 340.404
1622000 336.233
1623000 336.138
1624000 338.308
1625000 335.669
1626000 335.456
1627000 338.517
1628000 336.863
1629000 339.801
1630000 339.812
1631000 338.234
1632000 334.508
1633000 334.77
1634000 337.222
1635000 337.839
1636000 335.637
1637000 333.816
1638000 341.8
1639000 333.961
1640000 335.676
1641000 338.132
1642000 336.675
1643000 336.911
1644000 336.896
1645000 331.967
1646000 336.634
1647000 338.241
1648000 337.44
1649000 335.57
1650000 336.394
1651000 334.79
1652000 333.829
1653000 335.872
1654000 335.129
1655000 328.267
1656000 333.581
1657000 334.982
1658000 333.12
1659000 334.686
1660000 334.182
1661000 335.013
1662000 332.669
1663000 334.067
1664000 336.708
1665000 332.777
1666000 332.122
1667000 333.199
1668000 332.967
1669000 332.547
1670000 333.77
1671000 333.695
1672000 334.606
1673000 330.875
1674000 333.631
1675000 335.517
1676000 332.942
1677000 332.162
1678000 331.128
1679000 331.574
1680000 330.521
1681000 331
1682000 334.984
1683000 332.735
1684000 331.204
1685000 333.886
1686000 333.607
1687000 333.834
1688000 332.43
1689000 328.121
1690000 328.967
1691000 333.726
1692000 327.389
1693000 329.675
1694000 331.86
1695000 331.433
1696000 330.308
1697000 327.338
1698000 330.177
1699000 328.118
1700000 328.699
1701000 332.108
1702000 328.791
1703000 331.715
1704000 332.831
1705000 329.588
1706000 331.628
1707000 331.246
1708000 328.084
1709000 333.086
1710000 330.761
1711000 329.876
1712000 327.022
1713000 329.691
1714000 330.059
1715000 327.621
1716000 327.455
1717000 326.287
1718000 327.971
1719000 330.159
1720000 327.313
1721000 329.065
1722000 325.975
1723000 327.36
1724000 328.068
1725000 329.624
1726000 327.184
1727000 325.962
1728000 325.507
1729000 327.287
1730000 326.674
1731000 328.582
1732000 326.629
1733000 329.034
1734000 326.04
1735000 328.617
1736000 325.281
1737000 326.495
1738000 326.347
1739000 325.597
1740000 327.692
1741000 323.601
1742000 323.086
1743000 328.093
1744000 325.815
1745000 326.263
1746000 327.641
1747000 323.712
1748000 327.008
1749000 325.508
1750000 326.704
1751000 324.12
1752000 324.815
1753000 323.197
1754000 325.568
1755000 327.199
1756000 323.97
1757000 325.253
1758000 323.945
1759000 323.422
1760000 324.246
1761000 327.195
1762000 324.789
1763000 322.742
1764000 322.178
1765000 325.396
1766000 324.71
1767000 322.307
1768000 325.004
1769000 323.884
1770000 321.255
1771000 321.149
1772000 323.479
1773000 320.546
1774000 323.379
1775000 321.331
1776000 321.808
1777000 320.903
1778000 321.298
1779000 322.519
1780000 322.557
1781000 319.511
1782000 320.991
1783000 322.014
1784000 319.619
1785000 321.392
1786000 319.734
1787000 322.364
1788000 323.676
1789000 319.403
1790000 321.159
1791000 324.049
1792000 319.356
1793000 317.564
1794000 321.973
1795000 320.481
1796000 319.741
1797000 322.461
1798000 320.494
1799000 321.957
1800000 320.918
1801000 322.201
1802000 319.773
1803000 316.252
1804000 319.459
1805000 322.016
1806000 318.742
1807000 321.37
1808000 320.17
1809000 319.159
1810000 321.594
1811000 318.709
1812000 319.118
1813000 317.953
1814000 317.824
1815000 317.612
1816000 316.335
1817000 318.622
1818000 318.019
1819000 317.363
1820000 320.871
1821000 317.461
1822000 314.648
1823000 317.43
1824000 319.209
1825000 319.86
1826000 319.224
1827000 316.964
1828000 317.793
1829000 317.73
1830000 319.545
1831000 317.565
1832000 317.419
1833000 315.789
1834000 314.544
1835000 317.167
1836000 316.797
1837000 313.442
1838000 314.979
1839000 320.032
1840000 318.174
1841000 314.464
1842000 317.183
1843000 317.582
1844000 313.24
1845000 317.185
1846000 313.494
1847000 316.705
1848000 313.34
1849000 314.736
1850000 314.856
1851000 315.238
1852000 317.152
1853000 315.352
1854000 315.482
1855000 316.211
1856000 312.397
1857000 314.331
1858000 310.774
1859000 314.145
1860000 314.568
1861000 316.132
1862000 314.848
1863000 313.621
1864000 312.076
1865000 314.104
1866000 310.74
1867000 316.278
1868000 314.145
1869000 312.388
1870000 310.42
1871000 313.846
1872000 314.314
1873000 314.27
1874000 308.187
1875000 312.488
1876000 313.519
1877000 313.85
1878000 312.894
1879000 308.598
1880000 312.824
1881000 313.583
1882000 310.703
1883000 313.311
1884000 313.457
1885000 309.906
1886000 312.438
1887000 311.589
1888000 308.627
1889000 311.529
1890000 312.948
1891000 312.216
1892000 311.243
1893000 307.221
1894000 311.994
1895000 309.906
1896000 307.859
1897000 309.206
1898000 309.207
1899000 309.507
1900000 308.651
1901000 312.487
1902000 305.966
1903000 309.833
1904000 304.755
1905000 310.179
1906000 309.096
1907000 312.304
1908000 309.312
1909000 308.988
1910000 307.288
1911000 306.117
1912000 310.407
1913000 310.473
1914000 308.806
1915000 306.13
1916000 309.703
1917000 309.766
1918000 309.863
1919000 308.317
1920000 307.05
1921000 309.88
1922000 308.835
1923000 307.747
1924000 306.046
1925000 308.159
1926000 310.408
1927000 307.976
1928000 304.374
1929000 306.182
1930000 306.419
1931000 308.474
1932000 308.464
1933000 306.986
1934000 304.538
1935000 304.233
1936000 306.067
1937000 305.147
1938000 306.362
1939000 305.65
1940000 303.098
1941000 306.903
1942000 305.989
1943000 307.747
1944000 304.05
1945000 305.55
1946000 304.504
1947000 308.481
1948000 306.682
1949000 301.656
1950000 305.491
1951000 302.149
1952000 304.604
1953000 305.719
1954000 303.85
1955000 305.544
1956000 305.325
1957000 304.665
1958000 303.28
1959000 305.557
1960000 305.086
1961000 306.089
1962000 304.571
1963000 302.336
1964000 302.952
1965000 299.791
1966000 303.27
1967000 304.291
1968000 307.291
1969000 301.576
1970000 303.183
1971000 301.801
1972000 299.625
1973000 303.469
1974000 301.894
1975000 300.36
1976000 306.117
1977000 302.63
1978000 303.473
1979000 302.61
1980000 299.261
1981000 302.047
1982000 301.649
1983000 303.704
1984000 300.589
1985000 302.689
1986000 302.03
1987000 300.317
1988000 301.554
1989000 302.521
1990000 303.373
1991000 297.578
1992000 297.689
1993000 297.369
1994000 301.529
1995000 298.066
1996000 300.982
1997000 301.41
1998000 298.73
1999000 298.068
2000000 299.368
