# Time-averaged data for fix myat2
# TimeStep v_myvol
1000 138026
2000 137828
3000 137695
4000 137233
5000 137655
6000 138319
7000 138412
8000 138374
9000 138187
10000 137921
11000 137411
12000 138919
13000 138772
14000 138498
15000 138307
16000 138480
17000 137804
18000 138355
19000 138547
20000 138191
21000 138265
22000 137687
23000 137141
24000 137317
25000 137965
26000 138080
27000 138073
28000 138487
29000 137578
30000 137734
31000 138029
32000 137712
33000 138141
34000 137676
35000 137785
36000 137562
37000 137448
38000 138015
39000 136273
40000 136899
41000 136768
42000 137451
43000 136933
44000 137856
45000 137612
46000 137351
47000 137698
48000 136945
49000 137774
50000 137350
51000 137971
52000 137269
53000 136708
54000 137002
55000 137124
56000 137046
57000 136400
58000 136489
59000 136514
60000 136451
61000 137201
62000 137599
63000 135812
64000 137261
65000 137499
66000 136762
67000 136872
68000 136887
69000 137767
70000 136899
71000 137112
72000 136710
73000 136451
74000 136807
75000 136458
76000 136387
77000 136712
78000 137224
79000 136759
80000 137393
81000 136812
82000 136357
83000 137303
84000 136327
85000 136721
86000 136077
87000 135889
88000 137168
89000 135886
90000 136551
91000 137088
92000 136650
93000 137463
94000 136870
95000 136943
96000 137076
97000 136980
98000 136841
99000 136353
100000 137482
101000 136849
102000 136895
103000 136874
104000 137106
105000 136229
106000 136297
107000 136398
108000 136461
109000 136882
110000 136283
111000 137269
112000 137034
113000 136819
114000 137643
115000 136872
116000 137242
117000 135958
118000 136686
119000 136684
120000 136937
121000 137307
122000 135755
123000 136533
124000 136673
125000 137302
126000 135721
127000 136005
128000 135329
129000 136592
130000 135558
131000 136247
132000 136369
133000 135930
134000 136246
135000 136125
136000 137623
137000 136232
138000 136680
139000 136671
140000 136431
141000 136147
142000 136602
143000 135876
144000 136263
145000 136801
146000 136246
147000 136235
148000 137309
149000 136328
150000 137126
151000 137105
152000 136488
153000 136441
154000 136461
155000 136804
156000 137502
157000 136843
158000 137560
159000 136724
160000 135972
161000 137190
162000 136984
163000 137162
164000 136360
165000 136407
166000 137264
167000 136197
168000 136395
169000 136618
170000 137198
171000 136301
172000 138230
173000 136344
174000 137352
175000 136301
176000 136780
177000 137112
178000 137349
179000 136946
180000 136874
181000 137142
182000 137520
183000 136841
184000 136848
185000 136632
186000 136449
187000 136536
188000 136879
189000 136584
190000 136550
191000 137096
192000 136749
193000 136789
194000 136373
195000 136812
196000 137183
197000 135826
198000 137084
199000 136950
200000 137010
201000 136962
202000 135928
203000 136082
204000 136829
205000 136522
206000 136864
207000 136474
208000 136158
209000 136270
210000 137268
211000 135742
212000 136147
213000 136315
214000 135630
215000 136001
216000 135754
217000 135744
218000 135169
219000 136183
220000 135596
221000 135523
222000 135680
223000 136716
224000 135739
225000 136254
226000 135812
227000 136405
228000 135685
229000 135540
230000 135029
231000 134946
232000 136091
233000 135129
234000 135882
235000 136060
236000 135669
237000 135164
238000 136202
239000 135022
240000 135566
241000 134746
242000 135600
243000 134589
244000 135771
245000 135237
246000 136031
247000 135968
248000 135737
249000 136042
250000 135427
251000 135246
252000 135980
253000 135561
254000 136596
255000 135422
256000 135596
257000 135834
258000 136228
259000 135751
260000 135981
261000 135015
262000 135424
263000 135300
264000 135520
265000 135436
266000 134602
267000 135591
268000 135461
269000 135471
270000 135616
271000 135462
272000 135651
273000 135683
274000 135697
275000 135434
276000 135702
277000 135019
278000 136034
279000 136346
280000 136395
281000 136190
282000 136412
283000 136071
284000 136054
285000 136688
286000 136109
287000 135661
288000 135648
289000 135228
290000 136382
291000 135697
292000 135565
293000 136393
294000 135791
295000 135746
296000 136170
297000 135743
298000 135596
299000 135362
300000 136473
301000 136020
302000 135790
303000 135275
304000 135358
305000 135145
306000 135131
307000 134560
308000 134895
309000 134625
310000 135326
311000 135055
312000 134731
313000 134832
314000 134627
315000 134786
316000 134934
317000 134296
318000 135679
319000 135093
320000 135255
321000 135553
322000 135450
323000 135763
324000 135295
325000 134891
326000 135589
327000 135585
328000 136761
329000 135912
330000 135554
331000 135409
332000 135847
333000 135482
334000 135615
335000 135801
336000 134938
337000 134478
338000 135665
339000 135429
340000 135587
341000 135698
342000 136880
343000 136394
344000 136036
345000 136204
346000 136347
347000 137079
348000 136577
349000 136451
350000 136818
351000 136211
352000 136750
353000 135937
354000 135276
355000 135304
356000 136487
357000 136407
358000 137206
359000 136158
360000 135836
361000 136304
362000 136571
363000 136771
364000 136337
365000 137214
366000 136201
367000 136180
368000 135643
369000 136268
370000 135961
371000 136053
372000 136431
373000 135804
374000 135428
375000 136625
376000 135302
377000 136615
378000 136103
379000 135409
380000 135927
381000 134588
382000 135606
383000 136270
384000 136390
385000 135758
386000 136137
387000 135556
388000 136039
389000 134840
390000 135864
391000 135022
392000 134853
393000 134312
394000 135089
395000 135666
396000 135170
397000 135067
398000 135531
399000 136466
400000 134847
401000 135909
402000 135229
403000 134909
404000 135558
405000 134905
406000 135481
407000 135747
408000 134795
409000 135184
410000 135523
411000 135649
412000 134993
413000 134759
414000 134886
415000 134432
416000 135023
417000 134240
418000 134237
419000 135781
420000 134289
421000 134540
422000 134185
423000 134590
424000 134274
425000 134705
426000 134688
427000 135156
428000 134298
429000 135402
430000 135181
431000 134610
432000 134192
433000 134603
434000 134956
435000 134687
436000 134481
437000 134992
438000 135276
439000 134454
440000 134842
441000 134538
442000 135365
443000 135712
444000 135371
445000 135134
446000 135039
447000 135556
448000 136653
449000 134433
450000 135438
451000 135407
452000 135616
453000 134571
454000 134708
455000 134703
456000 134221
457000 134179
458000 134215
459000 135177
460000 135602
461000 134668
462000 135443
463000 134447
464000 134957
465000 135339
466000 135442
467000 135030
468000 134348
469000 135202
470000 135062
471000 134139
472000 134022
473000 134337
474000 134814
475000 134599
476000 134712
477000 134383
478000 133990
479000 135108
480000 134997
481000 134786
482000 134228
483000 134737
484000 135132
485000 134820
486000 134676
487000 135440
488000 134440
489000 134619
490000 134299
491000 134776
492000 133386
493000 133793
494000 134027
495000 133951
496000 133436
497000 134263
498000 134204
499000 134429
500000 134470
501000 135071
502000 134069
503000 133582
504000 133573
505000 134102
506000 134146
507000 134417
508000 133975
509000 133512
510000 134295
511000 132792
512000 133597
513000 133441
514000 134016
515000 134100
516000 133351
517000 133988
518000 133454
519000 133494
520000 133689
521000 133427
522000 133754
523000 133461
524000 134084
525000 133498
526000 133546
527000 133878
528000 133522
529000 133546
530000 134714
531000 133478
532000 133984
533000 134030
534000 134314
535000 133932
536000 134065
537000 133668
538000 134561
539000 133993
540000 133861
541000 133968
542000 134506
543000 133367
544000 134022
545000 133634
546000 133603
547000 133686
548000 133903
549000 133450
550000 133257
551000 132876
552000 134478
553000 133531
554000 134148
555000 133460
556000 133670
557000 133077
558000 133927
559000 134365
560000 134783
561000 133421
562000 133696
563000 133989
564000 134079
565000 133636
566000 134505
567000 134216
568000 134348
569000 133944
570000 134259
571000 133731
572000 134236
573000 133944
574000 133550
575000 133640
576000 132827
577000 133728
578000 133881
579000 135076
580000 134329
581000 133911
582000 134217
583000 133368
584000 133546
585000 134069
586000 132950
587000 133419
588000 133453
589000 133441
590000 133376
591000 134341
592000 133263
593000 133770
594000 133781
595000 133683
596000 133795
597000 134492
598000 134088
599000 132985
600000 133735
601000 134319
602000 133891
603000 133178
604000 134211
605000 134149
606000 133723
607000 134009
608000 134394
609000 133825
610000 134597
611000 134373
612000 133787
613000 133344
614000 133492
615000 133694
616000 134188
617000 133551
618000 134175
619000 133632
620000 134630
621000 134001
622000 133601
623000 133284
624000 133587
625000 133387
626000 133666
627000 134113
628000 132962
629000 133448
630000 133450
631000 133618
632000 133511
633000 134325
634000 133247
635000 133324
636000 133723
637000 133300
638000 132639
639000 132979
640000 133667
641000 133006
642000 133863
643000 133092
644000 133240
645000 133614
646000 133196
647000 133165
648000 133740
649000 132976
650000 132719
651000 133736
652000 133415
653000 133713
654000 133424
655000 133915
656000 133013
657000 133418
658000 133591
659000 132383
660000 133168
661000 132232
662000 132378
663000 132644
664000 132645
665000 133094
666000 132931
667000 132763
668000 132462
669000 132322
670000 133292
671000 133145
672000 132796
673000 133406
674000 133916
675000 133520
676000 133938
677000 133606
678000 133217
679000 133177
680000 133394
681000 133253
682000 133839
683000 133925
684000 133320
685000 133299
686000 133295
687000 133658
688000 133778
689000 133925
690000 133514
691000 133436
692000 133362
693000 133218
694000 132998
695000 132919
696000 132816
697000 132820
698000 132576
699000 132944
700000 132726
701000 132402
702000 132781
703000 132730
704000 132896
705000 133403
706000 132526
707000 132553
708000 132961
709000 132517
710000 132877
711000 132003
712000 132020
713000 132698
714000 131939
715000 131832
716000 131630
717000 132083
718000 133148
719000 132285
720000 132518
721000 132276
722000 132847
723000 132756
724000 132521
725000 132740
726000 133052
727000 133013
728000 132505
729000 132126
730000 132435
731000 132280
732000 132516
733000 132715
734000 131915
735000 132751
736000 132320
737000 131781
738000 132328
739000 131836
740000 132210
741000 131994
742000 132099
743000 132085
744000 132414
745000 132367
746000 132330
747000 132738
748000 132564
749000 132182
750000 132426
751000 132563
752000 132191
753000 132060
754000 132395
755000 132182
756000 132065
757000 132064
758000 132268
759000 132380
760000 132090
761000 132497
762000 131984
763000 132264
764000 131967
765000 132690
766000 132630
767000 132926
768000 132784
769000 133069
770000 132876
771000 131892
772000 132331
773000 132679
774000 131703
775000 132101
776000 132574
777000 132266
778000 132607
779000 132385
780000 131893
781000 131794
782000 132088
783000 132176
784000 132076
785000 131321
786000 131825
787000 132327
788000 131454
789000 131052
790000 131546
791000 132275
792000 132113
793000 130918
794000 131722
795000 131782
796000 131935
797000 131332
798000 131755
799000 131172
800000 131398
801000 131416
802000 131312
803000 131203
804000 131430
805000 130847
806000 131345
807000 131108
808000 131093
809000 131975
810000 131990
811000 131032
812000 131786
813000 132052
814000 132223
815000 131727
816000 131498
817000 131388
818000 131886
819000 130718
820000 131525
821000 131382
822000 131687
823000 130646
824000 131479
825000 131411
826000 131219
827000 132192
828000 131373
829000 131966
830000 131578
831000 131436
832000 131343
833000 131798
834000 131295
835000 131273
836000 131410
837000 131810
838000 131827
839000 131928
840000 132295
841000 131797
842000 131305
843000 130793
844000 131401
845000 131459
846000 130735
847000 131296
848000 131446
849000 130962
850000 131725
851000 131328
852000 131151
853000 131067
854000 131745
855000 131406
856000 131242
857000 131159
858000 131752
859000 131057
860000 132004
861000 131595
862000 131453
863000 131080
864000 131775
865000 131369
866000 131633
867000 131147
868000 130954
869000 131369
870000 131696
871000 130916
872000 131119
873000 131012
874000 131223
875000 131957
876000 130993
877000 131126
878000 131547
879000 131253
880000 131503
881000 131900
882000 130789
883000 131257
884000 131489
885000 131575
886000 132259
887000 131858
888000 131527
889000 132086
890000 131948
891000 131460
892000 132011
893000 131824
894000 131577
895000 131388
896000 131677
897000 131077
898000 131197
899000 131224
900000 130890
901000 131566
902000 130498
903000 130744
904000 131511
905000 131227
906000 131149
907000 131215
908000 130946
909000 131474
910000 130619
911000 130889
912000 131222
913000 131217
914000 131375
915000 131421
916000 131144
917000 131278
918000 130913
919000 130863
920000 130939
921000 130770
922000 131111
923000 130691
924000 130723
925000 130414
926000 130211
927000 130638
928000 130593
929000 130171
930000 130316
931000 129975
932000 130222
933000 130121
934000 130810
935000 130113
936000 130616
937000 131373
938000 130706
939000 130123
940000 130285
941000 130209
942000 130449
943000 131162
944000 131181
945000 130780
946000 130532
947000 130885
948000 130520
949000 130480
950000 130411
951000 130747
952000 130492
953000 130786
954000 131031
955000 130630
956000 130482
957000 130853
958000 130374
959000 130515
960000 130273
961000 130205
962000 130541
963000 130863
964000 130576
965000 130640
966000 130130
967000 130062
968000 130358
969000 130492
970000 131116
971000 130647
972000 130966
973000 131174
974000 131644
975000 131450
976000 130948
977000 130655
978000 130425
979000 130949
980000 130603
981000 130548
982000 130889
983000 131032
984000 130757
985000 130339
986000 130553
987000 130788
988000 131178
989000 130937
990000 130416
991000 130906
992000 131241
993000 130810
994000 130695
995000 130634
996000 131147
997000 130963
998000 130507
999000 131077
1000000 131082
1001000 130347
1002000 130552
1003000 130226
1004000 130168
1005000 130509
1006000 130558
1007000 130600
1008000 130675
1009000 130713
1010000 130988
1011000 130416
1012000 130136
1013000 130225
1014000 130733
1015000 130683
1016000 130055
1017000 130220
1018000 130148
1019000 130259
1020000 130055
1021000 130247
1022000 129911
1023000 130550
1024000 130569
1025000 129874
1026000 130294
1027000 129900
1028000 130160
1029000 130294
1030000 130108
1031000 130432
1032000 130432
1033000 130628
1034000 130753
1035000 130234
1036000 129565
1037000 130959
1038000 130347
1039000 130753
1040000 130560
1041000 131083
1042000 130525
1043000 130500
1044000 130540
1045000 129994
1046000 129845
1047000 129542
1048000 130069
1049000 129952
1050000 130273
1051000 130110
1052000 129665
1053000 129561
1054000 130345
1055000 129798
1056000 129792
1057000 130050
1058000 130360
1059000 130157
1060000 129746
1061000 129360
1062000 129346
1063000 129942
1064000 128954
1065000 129305
1066000 129361
1067000 129586
1068000 129220
1069000 128908
1070000 128932
1071000 128962
1072000 129670
1073000 130387
1074000 129782
1075000 129875
1076000 130248
1077000 129809
1078000 130046
1079000 129830
1080000 129050
1081000 129850
1082000 130398
1083000 129581
1084000 129388
1085000 129360
1086000 129515
1087000 129529
1088000 129984
1089000 130552
1090000 129606
1091000 130020
1092000 130753
1093000 129980
1094000 130083
1095000 129672
1096000 130096
1097000 129450
1098000 130420
1099000 129299
1100000 130127
1101000 129496
1102000 130427
1103000 129551
1104000 130323
1105000 129307
1106000 129041
1107000 129491
1108000 129398
1109000 129606
1110000 129593
1111000 129554
1112000 130234
1113000 130130
1114000 129679
1115000 129736
1116000 129784
1117000 129609
1118000 129369
1119000 129692
1120000 129305
1121000 129218
1122000 129994
1123000 129585
1124000 128859
1125000 129218
1126000 129767
1127000 129433
1128000 129401
1129000 128968
1130000 129469
1131000 129523
1132000 129430
1133000 129373
1134000 130133
1135000 129751
1136000 129722
1137000 128782
1138000 129384
1139000 129427
1140000 129815
1141000 129611
1142000 129284
1143000 128905
1144000 129335
1145000 129235
1146000 129458
1147000 128862
1148000 129059
1149000 129395
1150000 129128
1151000 128800
1152000 129273
1153000 128462
1154000 129665
1155000 129138
1156000 129295
1157000 128544
1158000 128917
1159000 129191
1160000 128986
1161000 129242
1162000 129315
1163000 128875
1164000 129111
1165000 129051
1166000 128883
1167000 129009
1168000 129253
1169000 128627
1170000 129133
1171000 129928
1172000 129054
1173000 128950
1174000 129367
1175000 129379
1176000 129157
1177000 128733
1178000 128667
1179000 129426
1180000 129365
1181000 128871
1182000 129321
1183000 129281
1184000 129042
1185000 128903
1186000 129710
1187000 129548
1188000 128974
1189000 129149
1190000 129270
1191000 129869
1192000 129728
1193000 129476
1194000 129397
1195000 129628
1196000 129545
1197000 129265
1198000 128803
1199000 129159
1200000 129082
1201000 128789
1202000 129003
1203000 128876
1204000 129228
1205000 129212
1206000 129085
1207000 129321
1208000 129225
1209000 129242
1210000 128912
1211000 129243
1212000 129357
1213000 128944
1214000 129458
1215000 128735
1216000 128708
1217000 129071
1218000 128839
1219000 128712
1220000 128654
1221000 128940
1222000 128473
1223000 128356
1224000 128330
1225000 128424
1226000 128229
1227000 127913
1228000 128802
1229000 128914
1230000 128766
1231000 128389
1232000 128597
1233000 128869
1234000 128197
1235000 129014
1236000 128312
1237000 128045
1238000 127720
1239000 128407
1240000 128645
1241000 127986
1242000 128797
1243000 128496
1244000 128777
1245000 127815
1246000 127700
1247000 128047
1248000 128324
1249000 128524
1250000 129220
1251000 129465
1252000 128503
1253000 127913
1254000 128696
1255000 128509
1256000 128791
1257000 128248
1258000 128376
1259000 128604
1260000 128561
1261000 128475
1262000 128573
1263000 128568
1264000 128946
1265000 127751
1266000 127942
1267000 128443
1268000 128424
1269000 128021
1270000 128643
1271000 128514
1272000 128797
1273000 127948
1274000 128346
1275000 128944
1276000 128591
1277000 128982
1278000 128084
1279000 128219
1280000 128219
1281000 127646
1282000 128057
1283000 128392
1284000 127583
1285000 128119
1286000 127876
1287000 128410
1288000 127990
1289000 127725
1290000 128076
1291000 128107
1292000 128557
1293000 128056
1294000 128803
1295000 128625
1296000 128271
1297000 128134
1298000 127770
1299000 128162
1300000 128090
1301000 127888
1302000 128806
1303000 128781
1304000 128205
1305000 127799
1306000 128281
1307000 127903
1308000 127765
1309000 127580
1310000 127753
1311000 127745
1312000 128025
1313000 127869
1314000 127622
1315000 127878
1316000 128325
1317000 128369
1318000 128269
1319000 128040
1320000 128170
1321000 128506
1322000 127793
1323000 128248
1324000 127823
1325000 128058
1326000 127854
1327000 128299
1328000 127968
1329000 127647
1330000 128459
1331000 128297
1332000 128442
1333000 128002
1334000 128323
1335000 128217
1336000 127393
1337000 127967
1338000 127869
1339000 127671
1340000 128145
1341000 127791
1342000 128032
1343000 127846
1344000 127218
1345000 127824
1346000 127655
1347000 128026
1348000 128215
1349000 127774
1350000 127402
1351000 127739
1352000 128089
1353000 127982
1354000 127851
1355000 127463
1356000 127953
1357000 127835
1358000 127867
1359000 127714
1360000 127527
1361000 127680
1362000 127768
1363000 127152
1364000 127525
1365000 127047
1366000 127352
1367000 127652
1368000 127458
1369000 127519
1370000 126899
1371000 127072
1372000 127089
1373000 127122
1374000 127775
1375000 127491
1376000 127579
1377000 127321
1378000 127349
1379000 127338
1380000 127277
1381000 127137
1382000 127569
1383000 127791
1384000 127316
1385000 127242
1386000 127172
1387000 127325
1388000 127131
1389000 127537
1390000 127631
1391000 127210
1392000 127708
1393000 128203
1394000 127311
1395000 127403
1396000 128139
1397000 127451
1398000 127542
1399000 127091
1400000 127126
1401000 126891
1402000 126795
1403000 127714
1404000 127618
1405000 127476
1406000 127291
1407000 127898
1408000 127433
1409000 128028
1410000 127945
1411000 127973
1412000 127908
1413000 127931
1414000 127371
1415000 127869
1416000 127559
1417000 128614
1418000 127700
1419000 127585
1420000 127891
1421000 127176
1422000 127181
1423000 127038
1424000 127016
1425000 127865
1426000 127803
1427000 127508
1428000 127473
1429000 127676
1430000 127044
1431000 126991
1432000 127219
1433000 127866
1434000 126967
1435000 126759
1436000 126637
1437000 127511
1438000 126943
1439000 127741
1440000 127887
1441000 127221
1442000 126808
1443000 126901
1444000 127375
1445000 126976
1446000 127147
1447000 127103
1448000 127262
1449000 127397
1450000 127288
1451000 127715
1452000 127892
1453000 126976
1454000 126957
1455000 127277
1456000 126993
1457000 126926
1458000 127087
1459000 127002
1460000 126490
1461000 127234
1462000 126540
1463000 126535
1464000 127057
1465000 126783
1466000 127366
1467000 126747
1468000 127134
1469000 126595
1470000 126950
1471000 127026
1472000 126701
1473000 127433
1474000 127507
1475000 127244
1476000 127176
1477000 127472
1478000 127285
1479000 127342
1480000 127177
1481000 126772
1482000 127117
1483000 126711
1484000 126988
1485000 127232
1486000 126818
1487000 126949
1488000 126803
1489000 127009
1490000 126972
1491000 126673
1492000 126533
1493000 127197
1494000 126897
1495000 126565
1496000 126888
1497000 126683
1498000 126311
1499000 126208
1500000 126619
1501000 127107
1502000 126997
1503000 127331
1504000 127518
1505000 127509
1506000 127054
1507000 126849
1508000 127456
1509000 126966
1510000 126519
1511000 126677
1512000 127082
1513000 127013
1514000 127060
1515000 126479
1516000 127462
1517000 127206
1518000 127279
1519000 127162
1520000 127241
1521000 127551
1522000 126966
1523000 127089
1524000 126404
1525000 127166
1526000 127131
1527000 126854
1528000 126933
1529000 127335
1530000 127016
1531000 127337
1532000 127566
1533000 127180
1534000 127395
1535000 126364
1536000 126918
1537000 127007
1538000 126529
1539000 126356
1540000 126337
1541000 126493
1542000 126405
1543000 126210
1544000 126897
1545000 126745
1546000 126571
1547000 126407
1548000 126287
1549000 126745
1550000 126686
1551000 126631
1552000 126631
1553000 127166
1554000 126815
1555000 126550
1556000 126413
1557000 126328
1558000 126272
1559000 126391
1560000 126304
1561000 126220
1562000 126475
1563000 126234
1564000 126047
1565000 126428
1566000 127158
1567000 126496
1568000 126907
1569000 126866
1570000 126707
1571000 126811
1572000 127077
1573000 126839
1574000 126812
1575000 127216
1576000 126285
1577000 126726
1578000 126552
1579000 126473
1580000 126586
1581000 126774
1582000 126245
1583000 126773
1584000 126905
1585000 126595
1586000 126675
1587000 126651
1588000 126397
1589000 126040
1590000 126514
1591000 126735
1592000 126797
1593000 126617
1594000 125823
1595000 126178
1596000 126459
1597000 126449
1598000 125961
1599000 126443
1600000 126340
1601000 126017
1602000 126134
1603000 125858
1604000 126350
1605000 125922
1606000 126103
1607000 126507
1608000 126364
1609000 126131
1610000 126336
1611000 126175
1612000 126601
1613000 126375
1614000 126362
1615000 126687
1616000 126569
1617000 126901
1618000 126406
1619000 126081
1620000 126120
1621000 126027
1622000 125876
1623000 125933
1624000 125732
1625000 125464
1626000 125990
1627000 126320
1628000 126422
1629000 126274
1630000 125965
1631000 125978
1632000 126284
1633000 126078
1634000 126389
1635000 126146
1636000 126540
1637000 126521
1638000 126805
1639000 126264
1640000 125901
1641000 125987
1642000 126419
1643000 126149
1644000 126095
1645000 126453
1646000 126579
1647000 126227
1648000 126995
1649000 126524
1650000 126104
1651000 126106
1652000 126320
1653000 126389
1654000 126284
1655000 125656
1656000 126156
1657000 125973
1658000 126418
1659000 126478
1660000 126585
1661000 126195
1662000 125903
1663000 126596
1664000 126296
1665000 125965
1666000 126794
1667000 126495
1668000 126440
1669000 126473
1670000 126102
1671000 125735
1672000 125729
1673000 126083
1674000 125939
1675000 126116
1676000 126224
1677000 126093
1678000 126014
1679000 125821
1680000 125489
1681000 125682
1682000 126024
1683000 126108
1684000 125772
1685000 125750
1686000 125880
1687000 125908
1688000 126000
1689000 125641
1690000 125364
1691000 125843
1692000 125397
1693000 125841
1694000 125863
1695000 125574
1696000 125821
1697000 125572
1698000 125597
1699000 125122
1700000 125405
1701000 125622
1702000 125822
1703000 126028
1704000 125645
1705000 125637
1706000 125788
1707000 125862
1708000 125871
1709000 125776
1710000 125766
1711000 125838
1712000 125624
1713000 125646
1714000 125462
1715000 125728
1716000 124934
1717000 125458
1718000 125183
1719000 125805
1720000 125216
1721000 125163
1722000 124757
1723000 125592
1724000 125502
1725000 125137
1726000 125065
1727000 125128
1728000 124842
1729000 125044
1730000 125144
1731000 124628
1732000 125048
1733000 125082
1734000 125027
1735000 124912
1736000 125079
1737000 125351
1738000 125015
1739000 125246
1740000 125438
1741000 125210
1742000 125619
1743000 125341
1744000 125391
1745000 125442
1746000 125653
1747000 125178
1748000 125717
1749000 125604
1750000 124941
1751000 124885
1752000 124617
1753000 124732
1754000 125140
1755000 125173
1756000 125490
1757000 125433
1758000 125250
1759000 125409
1760000 125658
1761000 125852
1762000 125447
1763000 125152
1764000 124752
1765000 125222
1766000 125337
1767000 125629
1768000 125545
1769000 125277
1770000 125108
1771000 125187
1772000 125215
1773000 125289
1774000 125084
1775000 125079
1776000 125419
1777000 125089
1778000 125484
1779000 125812
1780000 125024
1781000 124768
1782000 125144
1783000 124693
1784000 125118
1785000 125908
1786000 125041
1787000 125057
1788000 125113
1789000 125533
1790000 125748
1791000 125447
1792000 125542
1793000 125466
1794000 125026
1795000 125153
1796000 125373
1797000 125103
1798000 125214
1799000 125337
1800000 125153
1801000 125152
1802000 125148
1803000 125587
1804000 125143
1805000 125204
1806000 124873
1807000 124998
1808000 124784
1809000 125002
1810000 125209
1811000 125116
1812000 125021
1813000 125323
1814000 124785
1815000 124928
1816000 124692
1817000 125081
1818000 125198
1819000 124783
1820000 124904
1821000 124743
1822000 124787
1823000 124458
1824000 125018
1825000 124933
1826000 124658
1827000 124248
1828000 124997
1829000 125045
1830000 125387
1831000 125096
1832000 124627
1833000 124609
1834000 124530
1835000 124786
1836000 124775
1837000 124540
1838000 124639
1839000 124573
1840000 124830
1841000 124647
1842000 124807
1843000 124418
1844000 124730
1845000 124670
1846000 125184
1847000 125128
1848000 124508
1849000 124577
1850000 124930
1851000 124756
1852000 124474
1853000 124870
1854000 124499
1855000 124330
1856000 124285
1857000 124914
1858000 124416
1859000 124504
1860000 124268
1861000 124745
1862000 124461
1863000 124378
1864000 125058
1865000 124519
1866000 124789
1867000 124692
1868000 124808
1869000 124472
1870000 124359
1871000 124361
1872000 124351
1873000 124288
1874000 124586
1875000 124158
1876000 124817
1877000 124774
1878000 124645
1879000 124582
1880000 124477
1881000 124409
1882000 124553
1883000 124841
1884000 124990
1885000 125054
1886000 124861
1887000 124694
1888000 124581
1889000 124690
1890000 124681
1891000 124796
1892000 124373
1893000 124280
1894000 124587
1895000 124926
1896000 124697
1897000 124488
1898000 124632
1899000 124113
1900000 124041
1901000 124356
1902000 124035
1903000 124333
1904000 124518
1905000 124502
1906000 124909
1907000 124468
1908000 124204
1909000 124156
1910000 124651
1911000 124504
1912000 124565
1913000 124425
1914000 124147
1915000 124011
1916000 124617
1917000 124657
1918000 124594
1919000 124536
1920000 124653
1921000 124457
1922000 124434
1923000 123841
1924000 124741
1925000 124864
1926000 124789
1927000 124341
1928000 124656
1929000 124397
1930000 124250
1931000 124244
1932000 124350
1933000 124217
1934000 124277
1935000 124400
1936000 124314
1937000 123981
1938000 124224
1939000 123989
1940000 123712
1941000 123489
1942000 124040
1943000 124281
1944000 124070
1945000 124314
1946000 124298
1947000 123873
1948000 124540
1949000 124074
1950000 124032
1951000 124513
1952000 124397
1953000 125053
1954000 124237
1955000 123800
1956000 124186
1957000 124338
1958000 124937
1959000 124602
1960000 124116
1961000 124787
1962000 123781
1963000 123837
1964000 123863
1965000 124790
1966000 124754
1967000 124707
1968000 124466
1969000 124088
1970000 124008
1971000 124186
1972000 124445
1973000 124094
1974000 124046
1975000 123977
1976000 124201
1977000 124222
1978000 124192
1979000 124018
1980000 123878
1981000 123590
1982000 124086
1983000 123452
1984000 123962
1985000 123767
1986000 123489
1987000 124010
1988000 124003
1989000 124202
1990000 124107
1991000 123768
1992000 123787
1993000 123579
1994000 123624
1995000 123913
1996000 123673
1997000 123377
1998000 123772
1999000 123296
2000000 123864
