# Time-averaged data for fix myat2
# TimeStep v_myvol
1000 123154
2000 123154
3000 123154
4000 123154
5000 123154
6000 123154
7000 123154
8000 123154
9000 123154
10000 123154
11000 123154
12000 123154
13000 123154
14000 123154
15000 123154
16000 123154
17000 123154
18000 123154
19000 123154
20000 123154
21000 123154
22000 123154
23000 123154
24000 123154
25000 123154
26000 123154
27000 123154
28000 123154
29000 123154
30000 123154
31000 123154
32000 123154
33000 123154
34000 123154
35000 123154
36000 123154
37000 123154
38000 123154
39000 123154
40000 123154
41000 123154
42000 123154
43000 123154
44000 123154
45000 123154
46000 123154
47000 123154
48000 123154
49000 123154
50000 123154
51000 123154
52000 123154
53000 123154
54000 123154
55000 123154
56000 123154
57000 123154
58000 123154
59000 123154
60000 123154
61000 123154
62000 123154
63000 123154
64000 123154
65000 123154
66000 123154
67000 123154
68000 123154
69000 123154
70000 123154
71000 123154
72000 123154
73000 123154
74000 123154
75000 123154
76000 123154
77000 123154
78000 123154
79000 123154
80000 123154
81000 123154
82000 123154
83000 123154
84000 123154
85000 123154
86000 123154
87000 123154
88000 123154
89000 123154
90000 123154
91000 123154
92000 123154
93000 123154
94000 123154
95000 123154
96000 123154
97000 123154
98000 123154
99000 123154
100000 123154
101000 123154
102000 123154
103000 123154
104000 123154
105000 123154
106000 123154
107000 123154
108000 123154
109000 123154
110000 123154
111000 123154
112000 123154
113000 123154
114000 123154
115000 123154
116000 123154
117000 123154
118000 123154
119000 123154
120000 123154
121000 123154
122000 123154
123000 123154
124000 123154
125000 123154
126000 123154
127000 123154
128000 123154
129000 123154
130000 123154
131000 123154
132000 123154
133000 123154
134000 123154
135000 123154
136000 123154
137000 123154
138000 123154
139000 123154
140000 123154
141000 123154
142000 123154
143000 123154
144000 123154
145000 123154
146000 123154
147000 123154
148000 123154
149000 123154
150000 123154
151000 123154
152000 123154
153000 123154
154000 123154
155000 123154
156000 123154
157000 123154
158000 123154
159000 123154
160000 123154
161000 123154
162000 123154
163000 123154
164000 123154
165000 123154
166000 123154
167000 123154
168000 123154
169000 123154
170000 123154
171000 123154
172000 123154
173000 123154
174000 123154
175000 123154
176000 123154
177000 123154
178000 123154
179000 123154
180000 123154
181000 123154
182000 123154
183000 123154
184000 123154
185000 123154
186000 123154
187000 123154
188000 123154
189000 123154
190000 123154
191000 123154
192000 123154
193000 123154
194000 123154
195000 123154
196000 123154
197000 123154
198000 123154
199000 123154
200000 123154
201000 123154
202000 123154
203000 123154
204000 123154
205000 123154
206000 123154
207000 123154
208000 123154
209000 123154
210000 123154
211000 123154
212000 123154
213000 123154
214000 123154
215000 123154
216000 123154
217000 123154
218000 123154
219000 123154
220000 123154
221000 123154
222000 123154
223000 123154
224000 123154
225000 123154
226000 123154
227000 123154
228000 123154
229000 123154
230000 123154
231000 123154
232000 123154
233000 123154
234000 123154
235000 123154
236000 123154
237000 123154
238000 123154
239000 123154
240000 123154
241000 123154
242000 123154
243000 123154
244000 123154
245000 123154
246000 123154
247000 123154
248000 123154
249000 123154
250000 123154
251000 123154
252000 123154
253000 123154
254000 123154
255000 123154
256000 123154
257000 123154
258000 123154
259000 123154
260000 123154
261000 123154
262000 123154
263000 123154
264000 123154
265000 123154
266000 123154
267000 123154
268000 123154
269000 123154
270000 123154
271000 123154
272000 123154
273000 123154
274000 123154
275000 123154
276000 123154
277000 123154
278000 123154
279000 123154
280000 123154
281000 123154
282000 123154
283000 123154
284000 123154
285000 123154
286000 123154
287000 123154
288000 123154
289000 123154
290000 123154
291000 123154
292000 123154
293000 123154
294000 123154
295000 123154
296000 123154
297000 123154
298000 123154
299000 123154
300000 123154
301000 123154
302000 123154
303000 123154
304000 123154
305000 123154
306000 123154
307000 123154
308000 123154
309000 123154
310000 123154
311000 123154
312000 123154
313000 123154
314000 123154
315000 123154
316000 123154
317000 123154
318000 123154
319000 123154
320000 123154
321000 123154
322000 123154
323000 123154
324000 123154
325000 123154
326000 123154
327000 123154
328000 123154
329000 123154
330000 123154
331000 123154
332000 123154
333000 123154
334000 123154
335000 123154
336000 123154
337000 123154
338000 123154
339000 123154
340000 123154
341000 123154
342000 123154
343000 123154
344000 123154
345000 123154
346000 123154
347000 123154
348000 123154
349000 123154
350000 123154
351000 123154
352000 123154
353000 123154
354000 123154
355000 123154
356000 123154
357000 123154
358000 123154
359000 123154
360000 123154
361000 123154
362000 123154
363000 123154
364000 123154
365000 123154
366000 123154
367000 123154
368000 123154
369000 123154
370000 123154
371000 123154
372000 123154
373000 123154
374000 123154
375000 123154
376000 123154
377000 123154
378000 123154
379000 123154
380000 123154
381000 123154
382000 123154
383000 123154
384000 123154
385000 123154
386000 123154
387000 123154
388000 123154
389000 123154
390000 123154
391000 123154
392000 123154
393000 123154
394000 123154
395000 123154
396000 123154
397000 123154
398000 123154
399000 123154
400000 123154
401000 123154
402000 123154
403000 123154
404000 123154
405000 123154
406000 123154
407000 123154
408000 123154
409000 123154
410000 123154
411000 123154
412000 123154
413000 123154
414000 123154
415000 123154
416000 123154
417000 123154
418000 123154
419000 123154
420000 123154
421000 123154
422000 123154
423000 123154
424000 123154
425000 123154
426000 123154
427000 123154
428000 123154
429000 123154
430000 123154
431000 123154
432000 123154
433000 123154
434000 123154
435000 123154
436000 123154
437000 123154
438000 123154
439000 123154
440000 123154
441000 123154
442000 123154
443000 123154
444000 123154
445000 123154
446000 123154
447000 123154
448000 123154
449000 123154
450000 123154
451000 123154
452000 123154
453000 123154
454000 123154
455000 123154
456000 123154
457000 123154
458000 123154
459000 123154
460000 123154
461000 123154
462000 123154
463000 123154
464000 123154
465000 123154
466000 123154
467000 123154
468000 123154
469000 123154
470000 123154
471000 123154
472000 123154
473000 123154
474000 123154
475000 123154
476000 123154
477000 123154
478000 123154
479000 123154
480000 123154
481000 123154
482000 123154
483000 123154
484000 123154
485000 123154
486000 123154
487000 123154
488000 123154
489000 123154
490000 123154
491000 123154
492000 123154
493000 123154
494000 123154
495000 123154
496000 123154
497000 123154
498000 123154
499000 123154
500000 123154
501000 123154
502000 123154
503000 123154
504000 123154
505000 123154
506000 123154
507000 123154
508000 123154
509000 123154
510000 123154
511000 123154
512000 123154
513000 123154
514000 123154
515000 123154
516000 123154
517000 123154
518000 123154
519000 123154
520000 123154
521000 123154
522000 123154
523000 123154
524000 123154
525000 123154
526000 123154
527000 123154
528000 123154
529000 123154
530000 123154
531000 123154
532000 123154
533000 123154
534000 123154
535000 123154
536000 123154
537000 123154
538000 123154
539000 123154
540000 123154
541000 123154
542000 123154
543000 123154
544000 123154
545000 123154
546000 123154
547000 123154
548000 123154
549000 123154
550000 123154
551000 123154
552000 123154
553000 123154
554000 123154
555000 123154
556000 123154
557000 123154
558000 123154
559000 123154
560000 123154
561000 123154
562000 123154
563000 123154
564000 123154
565000 123154
566000 123154
567000 123154
568000 123154
569000 123154
570000 123154
571000 123154
572000 123154
573000 123154
574000 123154
575000 123154
576000 123154
577000 123154
578000 123154
579000 123154
580000 123154
581000 123154
582000 123154
583000 123154
584000 123154
585000 123154
586000 123154
587000 123154
588000 123154
589000 123154
590000 123154
591000 123154
592000 123154
593000 123154
594000 123154
595000 123154
596000 123154
597000 123154
598000 123154
599000 123154
600000 123154
601000 123154
602000 123154
603000 123154
604000 123154
605000 123154
606000 123154
607000 123154
608000 123154
609000 123154
610000 123154
611000 123154
612000 123154
613000 123154
614000 123154
615000 123154
616000 123154
617000 123154
618000 123154
619000 123154
620000 123154
621000 123154
622000 123154
623000 123154
624000 123154
625000 123154
626000 123154
627000 123154
628000 123154
629000 123154
630000 123154
631000 123154
632000 123154
633000 123154
634000 123154
635000 123154
636000 123154
637000 123154
638000 123154
639000 123154
640000 123154
641000 123154
642000 123154
643000 123154
644000 123154
645000 123154
646000 123154
647000 123154
648000 123154
649000 123154
650000 123154
651000 123154
652000 123154
653000 123154
654000 123154
655000 123154
656000 123154
657000 123154
658000 123154
659000 123154
660000 123154
661000 123154
662000 123154
663000 123154
664000 123154
665000 123154
666000 123154
667000 123154
668000 123154
669000 123154
670000 123154
671000 123154
672000 123154
673000 123154
674000 123154
675000 123154
676000 123154
677000 123154
678000 123154
679000 123154
680000 123154
681000 123154
682000 123154
683000 123154
684000 123154
685000 123154
686000 123154
687000 123154
688000 123154
689000 123154
690000 123154
691000 123154
692000 123154
693000 123154
694000 123154
695000 123154
696000 123154
697000 123154
698000 123154
699000 123154
700000 123154
701000 123154
702000 123154
703000 123154
704000 123154
705000 123154
706000 123154
707000 123154
708000 123154
709000 123154
710000 123154
711000 123154
712000 123154
713000 123154
714000 123154
715000 123154
716000 123154
717000 123154
718000 123154
719000 123154
720000 123154
721000 123154
722000 123154
723000 123154
724000 123154
725000 123154
726000 123154
727000 123154
728000 123154
729000 123154
730000 123154
731000 123154
732000 123154
733000 123154
734000 123154
735000 123154
736000 123154
737000 123154
738000 123154
739000 123154
740000 123154
741000 123154
742000 123154
743000 123154
744000 123154
745000 123154
746000 123154
747000 123154
748000 123154
749000 123154
750000 123154
751000 123154
752000 123154
753000 123154
754000 123154
755000 123154
756000 123154
757000 123154
758000 123154
759000 123154
760000 123154
761000 123154
762000 123154
763000 123154
764000 123154
765000 123154
766000 123154
767000 123154
768000 123154
769000 123154
770000 123154
771000 123154
772000 123154
773000 123154
774000 123154
775000 123154
776000 123154
777000 123154
778000 123154
779000 123154
780000 123154
781000 123154
782000 123154
783000 123154
784000 123154
785000 123154
786000 123154
787000 123154
788000 123154
789000 123154
790000 123154
791000 123154
792000 123154
793000 123154
794000 123154
795000 123154
796000 123154
797000 123154
798000 123154
799000 123154
800000 123154
801000 123154
802000 123154
803000 123154
804000 123154
805000 123154
806000 123154
807000 123154
808000 123154
809000 123154
810000 123154
811000 123154
812000 123154
813000 123154
814000 123154
815000 123154
816000 123154
817000 123154
818000 123154
819000 123154
820000 123154
821000 123154
822000 123154
823000 123154
824000 123154
825000 123154
826000 123154
827000 123154
828000 123154
829000 123154
830000 123154
831000 123154
832000 123154
833000 123154
834000 123154
835000 123154
836000 123154
837000 123154
838000 123154
839000 123154
840000 123154
841000 123154
842000 123154
843000 123154
844000 123154
845000 123154
846000 123154
847000 123154
848000 123154
849000 123154
850000 123154
851000 123154
852000 123154
853000 123154
854000 123154
855000 123154
856000 123154
857000 123154
858000 123154
859000 123154
860000 123154
861000 123154
862000 123154
863000 123154
864000 123154
865000 123154
866000 123154
867000 123154
868000 123154
869000 123154
870000 123154
871000 123154
872000 123154
873000 123154
874000 123154
875000 123154
876000 123154
877000 123154
878000 123154
879000 123154
880000 123154
881000 123154
882000 123154
883000 123154
884000 123154
885000 123154
886000 123154
887000 123154
888000 123154
889000 123154
890000 123154
891000 123154
892000 123154
893000 123154
894000 123154
895000 123154
896000 123154
897000 123154
898000 123154
899000 123154
900000 123154
901000 123154
902000 123154
903000 123154
904000 123154
905000 123154
906000 123154
907000 123154
908000 123154
909000 123154
910000 123154
911000 123154
912000 123154
913000 123154
914000 123154
915000 123154
916000 123154
917000 123154
918000 123154
919000 123154
920000 123154
921000 123154
922000 123154
923000 123154
924000 123154
925000 123154
926000 123154
927000 123154
928000 123154
929000 123154
930000 123154
931000 123154
932000 123154
933000 123154
934000 123154
935000 123154
936000 123154
937000 123154
938000 123154
939000 123154
940000 123154
941000 123154
942000 123154
943000 123154
944000 123154
945000 123154
946000 123154
947000 123154
948000 123154
949000 123154
950000 123154
951000 123154
952000 123154
953000 123154
954000 123154
955000 123154
956000 123154
957000 123154
958000 123154
959000 123154
960000 123154
961000 123154
962000 123154
963000 123154
964000 123154
965000 123154
966000 123154
967000 123154
968000 123154
969000 123154
970000 123154
971000 123154
972000 123154
973000 123154
974000 123154
975000 123154
976000 123154
977000 123154
978000 123154
979000 123154
980000 123154
981000 123154
982000 123154
983000 123154
984000 123154
985000 123154
986000 123154
987000 123154
988000 123154
989000 123154
990000 123154
991000 123154
992000 123154
993000 123154
994000 123154
995000 123154
996000 123154
997000 123154
998000 123154
999000 123154
1000000 123154
