# Time-averaged data for fix myat2
# TimeStep v_myvol
1000 124132
2000 123670
3000 123921
4000 123749
5000 123960
6000 123371
7000 123481
8000 123504
9000 123745
10000 123468
11000 123719
12000 123381
13000 123867
14000 123584
15000 123770
16000 123701
17000 123611
18000 124008
19000 123923
20000 124375
21000 124163
22000 123957
23000 123900
24000 124099
25000 123593
26000 123988
27000 123861
28000 124008
29000 124010
30000 123873
31000 123793
32000 124156
33000 124189
34000 123854
35000 124104
36000 123730
37000 123915
38000 123618
39000 124428
40000 124224
41000 124346
42000 124458
43000 123904
44000 124310
45000 124124
46000 123829
47000 124082
48000 123930
49000 123919
50000 123836
51000 123878
52000 123548
53000 124048
54000 124425
55000 123432
56000 123537
57000 124129
58000 124177
59000 124683
60000 124177
61000 124171
62000 124178
63000 123908
64000 124161
65000 124021
66000 123955
67000 123780
68000 124528
69000 124144
70000 123733
71000 124243
72000 124217
73000 124128
74000 123955
75000 124238
76000 124298
77000 124132
78000 123897
79000 123913
80000 124229
81000 124267
82000 123555
83000 123947
84000 123694
85000 124125
86000 123672
87000 123737
88000 124384
89000 124262
90000 123774
91000 124113
92000 123300
93000 123690
94000 123893
95000 123452
96000 123731
97000 123634
98000 124034
99000 124194
100000 123756
101000 123684
102000 123854
103000 124057
104000 123437
105000 123627
106000 124086
107000 123921
108000 123886
109000 124161
110000 123852
111000 124454
112000 123818
113000 124015
114000 123975
115000 123908
116000 123777
117000 123811
118000 123976
119000 124088
120000 123705
121000 123764
122000 123974
123000 124184
124000 124102
125000 124013
126000 124286
127000 123879
128000 124072
129000 123434
130000 123929
131000 124080
132000 123683
133000 123555
134000 123971
135000 123340
136000 124163
137000 123931
138000 124254
139000 123870
140000 123880
141000 123988
142000 124443
143000 124006
144000 124056
145000 123790
146000 124075
147000 123689
148000 123852
149000 123872
150000 124299
151000 123600
152000 124005
153000 123922
154000 123485
155000 123419
156000 123916
157000 123994
158000 124259
159000 123948
160000 123929
161000 123690
162000 124196
163000 123494
164000 123572
165000 124041
166000 123915
167000 124026
168000 124002
169000 123560
170000 123631
171000 123456
172000 123712
173000 123355
174000 123506
175000 123762
176000 123610
177000 123954
178000 123437
179000 123608
180000 123965
181000 123876
182000 123737
183000 123356
184000 123995
185000 124130
186000 123804
187000 123962
188000 123846
189000 123581
190000 123745
191000 123781
192000 123727
193000 123788
194000 123595
195000 123793
196000 124103
197000 123806
198000 123513
199000 123412
200000 124014
201000 123552
202000 124098
203000 123738
204000 124186
205000 124051
206000 123185
207000 123657
208000 123838
209000 123518
210000 123452
211000 123795
212000 123905
213000 123863
214000 123397
215000 123701
216000 123592
217000 123883
218000 123746
219000 123799
220000 123913
221000 123531
222000 123679
223000 123982
224000 123912
225000 123496
226000 123685
227000 123715
228000 123461
229000 124347
230000 123851
231000 123865
232000 123688
233000 123440
234000 123978
235000 123736
236000 123575
237000 123785
238000 123388
239000 123741
240000 123955
241000 123479
242000 124198
243000 123512
244000 123956
245000 123918
246000 123735
247000 123918
248000 123929
249000 123844
250000 123775
251000 123785
252000 123467
253000 123508
254000 124109
255000 123511
256000 123771
257000 123782
258000 123630
259000 123693
260000 124009
261000 123862
262000 124416
263000 123575
264000 123932
265000 123551
266000 123622
267000 123217
268000 124127
269000 123548
270000 123755
271000 123398
272000 123820
273000 124196
274000 123666
275000 123891
276000 123829
277000 124308
278000 123810
279000 124000
280000 123895
281000 123488
282000 124347
283000 123834
284000 123680
285000 123532
286000 124129
287000 124127
288000 123415
289000 124020
290000 123339
291000 124020
292000 124073
293000 123753
294000 124333
295000 124018
296000 124205
297000 123828
298000 124042
299000 123725
300000 123637
301000 124077
302000 124287
303000 124101
304000 124178
305000 124245
306000 124369
307000 124328
308000 123705
309000 124013
310000 123521
311000 123810
312000 123696
313000 123684
314000 123932
315000 123226
316000 123889
317000 123711
318000 123622
319000 123568
320000 123924
321000 123491
322000 123540
323000 123506
324000 123503
325000 123738
326000 123948
327000 123484
328000 123680
329000 123132
330000 123547
331000 123530
332000 122951
333000 123888
334000 123943
335000 123628
336000 123655
337000 123953
338000 123890
339000 123750
340000 123633
341000 123515
342000 123478
343000 123329
344000 123734
345000 123845
346000 123666
347000 123817
348000 123840
349000 123978
350000 123371
351000 124229
352000 123621
353000 123222
354000 123354
355000 123488
356000 124117
357000 123624
358000 123936
359000 123814
360000 124162
361000 124250
362000 123721
363000 123818
364000 123533
365000 123592
366000 123589
367000 123699
368000 123468
369000 123380
370000 123464
371000 123321
372000 123624
373000 123808
374000 123764
375000 123725
376000 123775
377000 123727
378000 123153
379000 124222
380000 124037
381000 123609
382000 123447
383000 124098
384000 123481
385000 124331
386000 124169
387000 123890
388000 124162
389000 124142
390000 124218
391000 124006
392000 124207
393000 123782
394000 123936
395000 123941
396000 124102
397000 123875
398000 124180
399000 124058
400000 124433
401000 124368
402000 124396
403000 123980
404000 123914
405000 123715
406000 123841
407000 123943
408000 123923
409000 124107
410000 123913
411000 124328
412000 123714
413000 123315
414000 124146
415000 123829
416000 124143
417000 123847
418000 124186
419000 123921
420000 123972
421000 123914
422000 124223
423000 124135
424000 124288
425000 124320
426000 124052
427000 124031
428000 124162
429000 123708
430000 123583
431000 123828
432000 124375
433000 124416
434000 124098
435000 123936
436000 124151
437000 123803
438000 123728
439000 123285
440000 124135
441000 123841
442000 123679
443000 123598
444000 123425
445000 123454
446000 123574
447000 123414
448000 123991
449000 123649
450000 123510
451000 123788
452000 124081
453000 123963
454000 123725
455000 123752
456000 123991
457000 123517
458000 123737
459000 123698
460000 124076
461000 124439
462000 123986
463000 123839
464000 123301
465000 124052
466000 123500
467000 123320
468000 123937
469000 123913
470000 123892
471000 123915
472000 123398
473000 123374
474000 123686
475000 123940
476000 123727
477000 123623
478000 123930
479000 123372
480000 123483
481000 123526
482000 123401
483000 123426
484000 123670
485000 124169
486000 123506
487000 123385
488000 124011
489000 124065
490000 123881
491000 124137
492000 123693
493000 123907
494000 124031
495000 123603
496000 124215
497000 123619
498000 123364
499000 123406
500000 123712
501000 123845
502000 123237
503000 123600
504000 123691
505000 123331
506000 123727
507000 123765
508000 123800
509000 123887
510000 123069
511000 123623
512000 123726
513000 123955
514000 123218
515000 123891
516000 123516
517000 123879
518000 123205
519000 123799
520000 122976
521000 123660
522000 123608
523000 123375
524000 123727
525000 123458
526000 123501
527000 123379
528000 123104
529000 123496
530000 124044
531000 124313
532000 123855
533000 123764
534000 123812
535000 123650
536000 123674
537000 124145
538000 123712
539000 123624
540000 123282
541000 124005
542000 123900
543000 123923
544000 123996
545000 123840
546000 123882
547000 124160
548000 123841
549000 124197
550000 123667
551000 123525
552000 123942
553000 123926
554000 123718
555000 124079
556000 123751
557000 123496
558000 124068
559000 124178
560000 124401
561000 124047
562000 123300
563000 123732
564000 123823
565000 123833
566000 123928
567000 123450
568000 123781
569000 123825
570000 123635
571000 123884
572000 123854
573000 123667
574000 123625
575000 123658
576000 123540
577000 123858
578000 123888
579000 123935
580000 123805
581000 123698
582000 124316
583000 123524
584000 123380
585000 123347
586000 123417
587000 123854
588000 123551
589000 123752
590000 123589
591000 123429
592000 123427
593000 123821
594000 124053
595000 123394
596000 123612
597000 123873
598000 123789
599000 123900
600000 123527
601000 123762
602000 123212
603000 123464
604000 123895
605000 123690
606000 123930
607000 124173
608000 123853
609000 123219
610000 123577
611000 123669
612000 123794
613000 123206
614000 123537
615000 123788
616000 123145
617000 123313
618000 124122
619000 123449
620000 123481
621000 123731
622000 123358
623000 123856
624000 123671
625000 123719
626000 123107
627000 123359
628000 123467
629000 124103
630000 124056
631000 123662
632000 123378
633000 123472
634000 123306
635000 123988
636000 123895
637000 124055
638000 123321
639000 123869
640000 123153
641000 123505
642000 123657
643000 123493
644000 124277
645000 123517
646000 123485
647000 123593
648000 123851
649000 123953
650000 123566
651000 123432
652000 123740
653000 123033
654000 123642
655000 123763
656000 123916
657000 123822
658000 123587
659000 123640
660000 123447
661000 123455
662000 124050
663000 124136
664000 123913
665000 124269
666000 123865
667000 124039
668000 123925
669000 123863
670000 123854
671000 124153
672000 124457
673000 123889
674000 124087
675000 124286
676000 123817
677000 123887
678000 123508
679000 123806
680000 123534
681000 123554
682000 123542
683000 123760
684000 123399
685000 123760
686000 123496
687000 123885
688000 123311
689000 123803
690000 123611
691000 124043
692000 123557
693000 123798
694000 123922
695000 123570
696000 124187
697000 123379
698000 124114
699000 123812
700000 124099
701000 124004
702000 123733
703000 123946
704000 123753
705000 123634
706000 124279
707000 124044
708000 124386
709000 124213
710000 123961
711000 124236
712000 123776
713000 123600
714000 123929
715000 124005
716000 124102
717000 123263
718000 123612
719000 124217
720000 123875
721000 123895
722000 124058
723000 123767
724000 123836
725000 123906
726000 124036
727000 123786
728000 123699
729000 123886
730000 123659
731000 123969
732000 123519
733000 124193
734000 123785
735000 123348
736000 123921
737000 123754
738000 124038
739000 123402
740000 123976
741000 123824
742000 123882
743000 124438
744000 123562
745000 123637
746000 123518
747000 123589
748000 123575
749000 123876
750000 123861
751000 123869
752000 123458
753000 123733
754000 123946
755000 123714
756000 123786
757000 124030
758000 123867
759000 123796
760000 123539
761000 123737
762000 124020
763000 123776
764000 124265
765000 124041
766000 123602
767000 123569
768000 123634
769000 123743
770000 123810
771000 123447
772000 123742
773000 123746
774000 123160
775000 123866
776000 123600
777000 123342
778000 123532
779000 123124
780000 123888
781000 123316
782000 123582
783000 123318
784000 123526
785000 123578
786000 123552
787000 123127
788000 123385
789000 123984
790000 123549
791000 123886
792000 123197
793000 123843
794000 123312
795000 123906
796000 123324
797000 123663
798000 123013
799000 123189
800000 123073
801000 123264
802000 123259
803000 123387
804000 123327
805000 123506
806000 123582
807000 123370
808000 123368
809000 123682
810000 123223
811000 123841
812000 123137
813000 123333
814000 123729
815000 123860
816000 123228
817000 123774
818000 123327
819000 123878
820000 123985
821000 124205
822000 123559
823000 123139
824000 123349
825000 123612
826000 123725
827000 123676
828000 123903
829000 123858
830000 123602
831000 123357
832000 123262
833000 124030
834000 123666
835000 123414
836000 123516
837000 123666
838000 123824
839000 123469
840000 123596
841000 123365
842000 123710
843000 123716
844000 123478
845000 123441
846000 123467
847000 124117
848000 123603
849000 123206
850000 123370
851000 123597
852000 124032
853000 123848
854000 123547
855000 123624
856000 123597
857000 123816
858000 123535
859000 123579
860000 124102
861000 123418
862000 124471
863000 123677
864000 123657
865000 123644
866000 123435
867000 124084
868000 123291
869000 123390
870000 124076
871000 123887
872000 123709
873000 123780
874000 123697
875000 123882
876000 124220
877000 124152
878000 124038
879000 123609
880000 123407
881000 123709
882000 123526
883000 123761
884000 123392
885000 124002
886000 123572
887000 123161
888000 123999
889000 123709
890000 123240
891000 123573
892000 123617
893000 123501
894000 123670
895000 123337
896000 123418
897000 123634
898000 123479
899000 123220
900000 123798
901000 124032
902000 123528
903000 123510
904000 123795
905000 123456
906000 123527
907000 123642
908000 123706
909000 123815
910000 123634
911000 123943
912000 123791
913000 123781
914000 123378
915000 123387
916000 123514
917000 123347
918000 123604
919000 123471
920000 123271
921000 123459
922000 123609
923000 123842
924000 123482
925000 123249
926000 124033
927000 123207
928000 123281
929000 123257
930000 123520
931000 123210
932000 123757
933000 123179
934000 122858
935000 122856
936000 123060
937000 123215
938000 123214
939000 122570
940000 123193
941000 122818
942000 123730
943000 123746
944000 123676
945000 123341
946000 123472
947000 123337
948000 123379
949000 123304
950000 123600
951000 123164
952000 123400
953000 123256
954000 123028
955000 123161
956000 123018
957000 122969
958000 123398
959000 123317
960000 123133
961000 123497
962000 123093
963000 123409
964000 123526
965000 123492
966000 123400
967000 123410
968000 122963
969000 123511
970000 123289
971000 123176
972000 122947
973000 123407
974000 123484
975000 122791
976000 123206
977000 123146
978000 123259
979000 122796
980000 122880
981000 123510
982000 122897
983000 123037
984000 123052
985000 123195
986000 123124
987000 123034
988000 123401
989000 123499
990000 123440
991000 123109
992000 123884
993000 122910
994000 123522
995000 123516
996000 123671
997000 123132
998000 123668
999000 123062
1000000 123328
1001000 123567
1002000 123068
1003000 123337
1004000 123438
1005000 123394
1006000 123613
1007000 123450
1008000 123753
1009000 123200
1010000 123089
1011000 123468
1012000 123088
1013000 123446
1014000 123210
1015000 123379
1016000 123572
1017000 123808
1018000 123467
1019000 123727
1020000 123395
1021000 123474
1022000 123559
1023000 123423
1024000 123512
1025000 123517
1026000 123076
1027000 122917
1028000 123436
1029000 123536
1030000 123389
1031000 123128
1032000 123328
1033000 123075
1034000 123403
1035000 123734
1036000 123565
1037000 123030
1038000 122946
1039000 123354
1040000 123531
1041000 123312
1042000 123703
1043000 123509
1044000 123602
1045000 122963
1046000 123406
1047000 123532
1048000 123399
1049000 123225
1050000 123470
1051000 123581
1052000 123500
1053000 123576
1054000 123850
1055000 123695
1056000 123473
1057000 123240
1058000 123775
1059000 123092
1060000 123427
1061000 123093
1062000 123288
1063000 123153
1064000 123818
1065000 123704
1066000 123623
1067000 123271
1068000 123551
1069000 123357
1070000 123604
1071000 123700
1072000 123248
1073000 123159
1074000 123431
1075000 123389
1076000 123368
1077000 123529
1078000 123577
1079000 123387
1080000 123188
1081000 123295
1082000 123756
1083000 123355
1084000 123008
1085000 123297
1086000 123532
1087000 123179
1088000 123364
1089000 123564
1090000 123454
1091000 123470
1092000 123866
1093000 123764
1094000 123621
1095000 123420
1096000 122987
1097000 123211
1098000 123031
1099000 123155
1100000 123607
1101000 122916
1102000 123481
1103000 123524
1104000 123594
1105000 123512
1106000 122681
1107000 123143
1108000 123389
1109000 123416
1110000 123307
1111000 123156
1112000 123230
1113000 123212
1114000 122981
1115000 123038
1116000 122959
1117000 122605
1118000 123263
1119000 123701
1120000 122883
1121000 122955
1122000 122971
1123000 122721
1124000 123195
1125000 123052
1126000 122663
1127000 123189
1128000 122468
1129000 122555
1130000 123098
1131000 123526
1132000 123201
1133000 122936
1134000 123004
1135000 123404
1136000 123459
1137000 123262
1138000 123366
1139000 123188
1140000 123226
1141000 122802
1142000 123532
1143000 122360
1144000 123250
1145000 123145
1146000 123368
1147000 123200
1148000 123464
1149000 123319
1150000 123424
1151000 123162
1152000 122822
1153000 123242
1154000 122979
1155000 123297
1156000 123066
1157000 123292
1158000 123503
1159000 123686
1160000 123346
1161000 123186
1162000 123354
1163000 122877
1164000 123040
1165000 122672
1166000 123394
1167000 123205
1168000 122793
1169000 123210
1170000 123148
1171000 123202
1172000 123146
1173000 123059
1174000 123034
1175000 123436
1176000 123253
1177000 123117
1178000 123527
1179000 123876
1180000 123431
1181000 124074
1182000 123556
1183000 123171
1184000 123880
1185000 123402
1186000 123492
1187000 123188
1188000 123672
1189000 123163
1190000 123537
1191000 123357
1192000 123591
1193000 123315
1194000 123269
1195000 123450
1196000 122807
1197000 123490
1198000 123180
1199000 123690
1200000 123467
1201000 123496
1202000 123677
1203000 123311
1204000 123552
1205000 123820
1206000 123106
1207000 123095
1208000 123437
1209000 123525
1210000 123154
1211000 123029
1212000 123347
1213000 123174
1214000 123772
1215000 123305
1216000 123233
1217000 123815
1218000 123908
1219000 123146
1220000 123763
1221000 123788
1222000 123851
1223000 123173
1224000 123648
1225000 123973
1226000 123459
1227000 123499
1228000 123140
1229000 123373
1230000 123266
1231000 123655
1232000 123856
1233000 123290
1234000 123868
1235000 123072
1236000 123172
1237000 123300
1238000 123450
1239000 123312
1240000 123641
1241000 123812
1242000 123705
1243000 123574
1244000 123715
1245000 123378
1246000 123585
1247000 123114
1248000 123093
1249000 123303
1250000 123782
1251000 123222
1252000 123297
1253000 122860
1254000 123293
1255000 123210
1256000 123159
1257000 123369
1258000 123251
1259000 123737
1260000 123287
1261000 123806
1262000 123311
1263000 123304
1264000 122856
1265000 123136
1266000 123307
1267000 123539
1268000 123633
1269000 123546
1270000 123267
1271000 123924
1272000 123382
1273000 123600
1274000 123457
1275000 123745
1276000 123539
1277000 123744
1278000 123536
1279000 123839
1280000 123594
1281000 124051
1282000 123476
1283000 123429
1284000 123617
1285000 123391
1286000 123366
1287000 123460
1288000 123495
1289000 123647
1290000 123323
1291000 123819
1292000 123401
1293000 123538
1294000 123974
1295000 123450
1296000 123312
1297000 123273
1298000 123777
1299000 123634
1300000 123817
1301000 122961
1302000 123516
1303000 123752
1304000 123821
1305000 123435
1306000 123480
1307000 123261
1308000 123161
1309000 123484
1310000 123656
1311000 123758
1312000 123252
1313000 123813
1314000 123399
1315000 122874
1316000 123030
1317000 123746
1318000 123429
1319000 123747
1320000 123686
1321000 123703
1322000 123071
1323000 123554
1324000 123359
1325000 123196
1326000 123761
1327000 123675
1328000 123150
1329000 123736
1330000 123295
1331000 123090
1332000 122746
1333000 123570
1334000 123672
1335000 123728
1336000 123139
1337000 123582
1338000 123389
1339000 123174
1340000 123588
1341000 123165
1342000 123192
1343000 123520
1344000 123233
1345000 123855
1346000 123591
1347000 123455
1348000 123870
1349000 123529
1350000 123375
1351000 123441
1352000 123050
1353000 123532
1354000 123846
1355000 123394
1356000 123516
1357000 123769
1358000 123754
1359000 123312
1360000 123368
1361000 123259
1362000 123450
1363000 123670
1364000 123738
1365000 123670
1366000 124055
1367000 123540
1368000 123791
1369000 123755
1370000 124069
1371000 123607
1372000 123693
1373000 123249
1374000 123752
1375000 123680
1376000 123502
1377000 123616
1378000 124092
1379000 123720
1380000 123831
1381000 123736
1382000 123597
1383000 123797
1384000 123454
1385000 123795
1386000 123907
1387000 123398
1388000 123768
1389000 123361
1390000 123704
1391000 123480
1392000 123905
1393000 123319
1394000 123363
1395000 123834
1396000 123787
1397000 124070
1398000 123635
1399000 123379
1400000 124011
1401000 123910
1402000 123161
1403000 123676
1404000 123545
1405000 123427
1406000 123446
1407000 123805
1408000 123758
1409000 123394
1410000 123697
1411000 123555
1412000 123303
1413000 123289
1414000 123253
1415000 123588
1416000 123888
1417000 122962
1418000 123634
1419000 123370
1420000 123462
1421000 123718
1422000 123669
1423000 123549
1424000 123768
1425000 124034
1426000 123484
1427000 123533
1428000 123006
1429000 123652
1430000 123720
1431000 123254
1432000 123262
1433000 123611
1434000 123484
1435000 123272
1436000 123291
1437000 123132
1438000 123127
1439000 123458
1440000 123547
1441000 123150
1442000 123096
1443000 123232
1444000 123554
1445000 123460
1446000 123316
1447000 123524
1448000 123561
1449000 123544
1450000 122825
1451000 123633
1452000 123136
1453000 123217
1454000 123535
1455000 123106
1456000 123305
1457000 123021
1458000 123199
1459000 123241
1460000 123151
1461000 123244
1462000 123628
1463000 123714
1464000 122741
1465000 123733
1466000 123501
1467000 123558
1468000 123740
1469000 123447
1470000 124060
1471000 123390
1472000 123337
1473000 123308
1474000 123351
1475000 123816
1476000 123675
1477000 122926
1478000 124056
1479000 123696
1480000 123285
1481000 123778
1482000 123445
1483000 123216
1484000 123007
1485000 123943
1486000 123546
1487000 124012
1488000 123305
1489000 123829
1490000 123546
1491000 123543
1492000 123758
1493000 123342
1494000 123356
1495000 123147
1496000 123284
1497000 123663
1498000 123884
1499000 123546
1500000 123450
1501000 123357
1502000 123686
1503000 123140
1504000 123031
1505000 123202
1506000 123144
1507000 123583
1508000 122901
1509000 122821
1510000 123202
1511000 123342
1512000 123430
1513000 123616
1514000 123555
1515000 123452
1516000 123534
1517000 123405
1518000 123463
1519000 123326
1520000 123349
1521000 123159
1522000 123344
1523000 123329
1524000 123338
1525000 123342
1526000 123329
1527000 123253
1528000 123618
1529000 123337
1530000 123008
1531000 123109
1532000 123352
1533000 123247
1534000 123284
1535000 123715
1536000 123811
1537000 123891
1538000 123309
1539000 123630
1540000 123641
1541000 123564
1542000 123660
1543000 123507
1544000 123573
1545000 123606
1546000 123273
1547000 123582
1548000 123794
1549000 123778
1550000 123700
1551000 123471
1552000 123790
1553000 123341
1554000 123619
1555000 123709
1556000 124002
1557000 124253
1558000 123713
1559000 123861
1560000 123450
1561000 123969
1562000 123615
1563000 123154
1564000 123772
1565000 123681
1566000 123641
1567000 123783
1568000 123608
1569000 124229
1570000 123619
1571000 123924
1572000 123859
1573000 123967
1574000 123439
1575000 123534
1576000 123467
1577000 123534
1578000 123825
1579000 123541
1580000 123399
1581000 123562
1582000 123845
1583000 123019
1584000 123560
1585000 123296
1586000 123565
1587000 123343
1588000 123366
1589000 123330
1590000 123605
1591000 123504
1592000 123267
1593000 123374
1594000 123604
1595000 123697
1596000 123719
1597000 123326
1598000 122748
1599000 123104
1600000 123506
1601000 123570
1602000 123400
1603000 123835
1604000 123934
1605000 123405
1606000 123770
1607000 123905
1608000 123411
1609000 123723
1610000 123449
1611000 122984
1612000 122607
1613000 123527
1614000 123565
1615000 123662
1616000 123127
1617000 123265
1618000 123621
1619000 123668
1620000 123415
1621000 123169
1622000 123593
1623000 123515
1624000 123290
1625000 123928
1626000 123374
1627000 123752
1628000 123425
1629000 123548
1630000 123294
1631000 123630
1632000 123560
1633000 123578
1634000 123283
1635000 123496
1636000 122636
1637000 123806
1638000 123154
1639000 123962
1640000 123897
1641000 123962
1642000 123655
1643000 123399
1644000 123327
1645000 123968
1646000 123796
1647000 123677
1648000 123341
1649000 122983
1650000 123725
1651000 122984
1652000 123139
1653000 123515
1654000 123504
1655000 123653
1656000 123761
1657000 123659
1658000 123635
1659000 123470
1660000 122807
1661000 123230
1662000 123296
1663000 123724
1664000 124155
1665000 123593
1666000 123384
1667000 123462
1668000 123387
1669000 123434
1670000 123566
1671000 123274
1672000 123268
1673000 123438
1674000 123269
1675000 123244
1676000 122929
1677000 123552
1678000 123243
1679000 123598
1680000 123132
1681000 123342
1682000 123513
1683000 123633
1684000 123520
1685000 123124
1686000 123483
1687000 123408
1688000 123633
1689000 123841
1690000 123296
1691000 123139
1692000 123386
1693000 123732
1694000 123738
1695000 123705
1696000 123364
1697000 123700
1698000 123970
1699000 123561
1700000 123731
1701000 123424
1702000 123041
1703000 123091
1704000 123777
1705000 123430
1706000 123474
1707000 123347
1708000 123166
1709000 122634
1710000 123339
1711000 123242
1712000 123484
1713000 122851
1714000 123355
1715000 123061
1716000 123679
1717000 123166
1718000 123694
1719000 123082
1720000 123214
1721000 123344
1722000 123660
1723000 123453
1724000 123826
1725000 123351
1726000 123518
1727000 123080
1728000 123513
1729000 123566
1730000 122790
1731000 123959
1732000 122967
1733000 123318
1734000 123293
1735000 123204
1736000 123093
1737000 123395
1738000 123219
1739000 123518
1740000 123238
1741000 123280
1742000 123560
1743000 123341
1744000 123254
1745000 123106
1746000 123577
1747000 123312
1748000 123259
1749000 122962
1750000 123445
1751000 123691
1752000 123466
1753000 123226
1754000 123056
1755000 123360
1756000 123122
1757000 123183
1758000 123109
1759000 123358
1760000 123013
1761000 122940
1762000 123399
1763000 123695
1764000 123390
1765000 122711
1766000 123202
1767000 123362
1768000 123140
1769000 123161
1770000 123151
1771000 123341
1772000 123248
1773000 122455
1774000 123059
1775000 122551
1776000 123070
1777000 122920
1778000 122670
1779000 123663
1780000 122966
1781000 123278
1782000 123319
1783000 123096
1784000 122704
1785000 123131
1786000 123216
1787000 123322
1788000 122869
1789000 122995
1790000 123295
1791000 123284
1792000 123674
1793000 123443
1794000 123079
1795000 123188
1796000 123652
1797000 123663
1798000 123682
1799000 123335
1800000 123898
1801000 123606
1802000 123364
1803000 124016
1804000 123662
1805000 123424
1806000 123494
1807000 123455
1808000 123508
1809000 123184
1810000 123248
1811000 123070
1812000 123698
1813000 123337
1814000 123456
1815000 123108
1816000 123069
1817000 122843
1818000 122877
1819000 123062
1820000 123162
1821000 123397
1822000 123497
1823000 123269
1824000 123864
1825000 123819
1826000 123480
1827000 123226
1828000 123560
1829000 123414
1830000 123342
1831000 123704
1832000 123750
1833000 123705
1834000 123932
1835000 124239
1836000 123624
1837000 123539
1838000 123617
1839000 123715
1840000 123116
1841000 123512
1842000 123664
1843000 123305
1844000 124005
1845000 123153
1846000 123127
1847000 123020
1848000 123620
1849000 122786
1850000 123230
1851000 123274
1852000 122959
1853000 123533
1854000 123199
1855000 123299
1856000 123232
1857000 123174
1858000 123268
1859000 123200
1860000 123432
1861000 123727
1862000 123134
1863000 123449
1864000 123130
1865000 122761
1866000 122887
1867000 122874
1868000 123615
1869000 124045
1870000 123087
1871000 123384
1872000 122934
1873000 123105
1874000 123163
1875000 123099
1876000 122949
1877000 123143
1878000 123306
1879000 123122
1880000 122764
1881000 122824
1882000 123604
1883000 123412
1884000 122932
1885000 123516
1886000 123569
1887000 123699
1888000 123462
1889000 122886
1890000 123407
1891000 123423
1892000 123864
1893000 123550
1894000 123879
1895000 124205
1896000 123114
1897000 123511
1898000 123149
1899000 123452
1900000 123273
1901000 123329
1902000 123406
1903000 123349
1904000 123093
1905000 123197
1906000 123304
1907000 122905
1908000 123311
1909000 123175
1910000 123489
1911000 123674
1912000 123047
1913000 122690
1914000 123367
1915000 123591
1916000 123000
1917000 123483
1918000 122948
1919000 123270
1920000 122749
1921000 123205
1922000 123159
1923000 123067
1924000 122965
1925000 123127
1926000 123232
1927000 123111
1928000 123171
1929000 123580
1930000 123205
1931000 123267
1932000 123178
1933000 123143
1934000 123443
1935000 123343
1936000 123168
1937000 123903
1938000 123455
1939000 123476
1940000 122979
1941000 123160
1942000 123515
1943000 122851
1944000 122982
1945000 122909
1946000 123504
1947000 123695
1948000 122991
1949000 123173
1950000 123658
1951000 123049
1952000 123412
1953000 123141
1954000 123099
1955000 123249
1956000 123037
1957000 123094
1958000 123572
1959000 123398
1960000 123586
1961000 123384
1962000 123013
1963000 123623
1964000 123436
1965000 123209
1966000 123491
1967000 123800
1968000 123290
1969000 123406
1970000 123703
1971000 123427
1972000 123429
1973000 123383
1974000 123643
1975000 123722
1976000 123156
1977000 123374
1978000 123422
1979000 123180
1980000 123380
1981000 123170
1982000 123154
1983000 123296
1984000 123143
1985000 123605
1986000 123475
1987000 123599
1988000 123628
1989000 123477
1990000 123200
1991000 123309
1992000 123645
1993000 123505
1994000 123925
1995000 124357
1996000 123823
1997000 124230
1998000 124010
1999000 123838
2000000 123597
